Single
3648
Scan 0,   
0, 95.0
1, 95.0
2, 91.0
3, 90.0
4, 90.0
5, 94.0
6, 93.0
7, 92.0
8, 89.0
9, 91.0
10, 93.0
11, 93.0
12, 92.0
13, 92.0
14, 85.0
15, 91.0
16, 93.0
17, 93.0
18, 87.0
19, 90.0
20, 92.0
21, 94.0
22, 92.0
23, 92.0
24, 94.0
25, 89.0
26, 90.0
27, 90.0
28, 92.0
29, 86.0
30, 92.0
31, 91.0
32, 91.0
33, 88.0
34, 92.0
35, 92.0
36, 91.0
37, 91.0
38, 93.0
39, 89.0
40, 90.0
41, 92.0
42, 94.0
43, 93.0
44, 94.0
45, 94.0
46, 95.0
47, 89.0
48, 92.0
49, 92.0
50, 90.0
51, 93.0
52, 89.0
53, 92.0
54, 87.0
55, 91.0
56, 92.0
57, 90.0
58, 90.0
59, 92.0
60, 91.0
61, 93.0
62, 90.0
63, 91.0
64, 94.0
65, 93.0
66, 87.0
67, 95.0
68, 94.0
69, 90.0
70, 93.0
71, 94.0
72, 91.0
73, 95.0
74, 88.0
75, 91.0
76, 91.0
77, 88.0
78, 94.0
79, 90.0
80, 93.0
81, 91.0
82, 92.0
83, 90.0
84, 94.0
85, 93.0
86, 91.0
87, 93.0
88, 88.0
89, 91.0
90, 95.0
91, 92.0
92, 85.0
93, 93.0
94, 92.0
95, 91.0
96, 87.0
97, 90.0
98, 92.0
99, 90.0
100, 92.0
101, 91.0
102, 85.0
103, 88.0
104, 92.0
105, 90.0
106, 91.0
107, 93.0
108, 88.0
109, 89.0
110, 83.0
111, 92.0
112, 92.0
113, 91.0
114, 95.0
115, 93.0
116, 88.0
117, 92.0
118, 93.0
119, 91.0
120, 93.0
121, 90.0
122, 93.0
123, 93.0
124, 93.0
125, 89.0
126, 87.0
127, 90.0
128, 90.0
129, 88.0
130, 92.0
131, 88.0
132, 90.0
133, 92.0
134, 93.0
135, 89.0
136, 95.0
137, 96.0
138, 92.0
139, 95.0
140, 93.0
141, 87.0
142, 92.0
143, 89.0
144, 92.0
145, 93.0
146, 88.0
147, 93.0
148, 94.0
149, 89.0
150, 91.0
151, 91.0
152, 91.0
153, 90.0
154, 90.0
155, 89.0
156, 93.0
157, 92.0
158, 94.0
159, 92.0
160, 88.0
161, 90.0
162, 92.0
163, 94.0
164, 93.0
165, 93.0
166, 89.0
167, 88.0
168, 89.0
169, 90.0
170, 93.0
171, 85.0
172, 88.0
173, 92.0
174, 88.0
175, 84.0
176, 88.0
177, 94.0
178, 94.0
179, 89.0
180, 94.0
181, 93.0
182, 91.0
183, 90.0
184, 92.0
185, 92.0
186, 92.0
187, 91.0
188, 89.0
189, 91.0
190, 88.0
191, 94.0
192, 87.0
193, 93.0
194, 94.0
195, 89.0
196, 88.0
197, 92.0
198, 91.0
199, 89.0
200, 93.0
201, 90.0
202, 92.0
203, 86.0
204, 94.0
205, 91.0
206, 91.0
207, 93.0
208, 93.0
209, 88.0
210, 96.0
211, 90.0
212, 90.0
213, 91.0
214, 93.0
215, 90.0
216, 88.0
217, 90.0
218, 90.0
219, 87.0
220, 90.0
221, 92.0
222, 93.0
223, 92.0
224, 90.0
225, 91.0
226, 92.0
227, 92.0
228, 90.0
229, 92.0
230, 86.0
231, 90.0
232, 87.0
233, 91.0
234, 93.0
235, 93.0
236, 88.0
237, 92.0
238, 96.0
239, 89.0
240, 93.0
241, 93.0
242, 90.0
243, 91.0
244, 84.0
245, 91.0
246, 90.0
247, 92.0
248, 92.0
249, 89.0
250, 90.0
251, 91.0
252, 90.0
253, 93.0
254, 88.0
255, 92.0
256, 89.0
257, 86.0
258, 90.0
259, 86.0
260, 88.0
261, 94.0
262, 93.0
263, 85.0
264, 92.0
265, 90.0
266, 85.0
267, 94.0
268, 93.0
269, 90.0
270, 84.0
271, 89.0
272, 85.0
273, 85.0
274, 91.0
275, 90.0
276, 93.0
277, 94.0
278, 93.0
279, 93.0
280, 88.0
281, 90.0
282, 87.0
283, 91.0
284, 93.0
285, 94.0
286, 89.0
287, 87.0
288, 94.0
289, 92.0
290, 91.0
291, 92.0
292, 89.0
293, 89.0
294, 92.0
295, 92.0
296, 89.0
297, 89.0
298, 91.0
299, 91.0
300, 93.0
301, 89.0
302, 91.0
303, 89.0
304, 88.0
305, 93.0
306, 88.0
307, 92.0
308, 87.0
309, 94.0
310, 89.0
311, 93.0
312, 91.0
313, 89.0
314, 95.0
315, 92.0
316, 91.0
317, 94.0
318, 94.0
319, 91.0
320, 95.0
321, 90.0
322, 93.0
323, 91.0
324, 86.0
325, 89.0
326, 91.0
327, 90.0
328, 89.0
329, 88.0
330, 88.0
331, 89.0
332, 91.0
333, 88.0
334, 88.0
335, 90.0
336, 92.0
337, 95.0
338, 91.0
339, 90.0
340, 90.0
341, 94.0
342, 94.0
343, 87.0
344, 92.0
345, 86.0
346, 92.0
347, 91.0
348, 94.0
349, 92.0
350, 87.0
351, 87.0
352, 91.0
353, 92.0
354, 94.0
355, 89.0
356, 94.0
357, 88.0
358, 87.0
359, 91.0
360, 91.0
361, 90.0
362, 91.0
363, 89.0
364, 90.0
365, 92.0
366, 92.0
367, 93.0
368, 87.0
369, 85.0
370, 91.0
371, 92.0
372, 90.0
373, 96.0
374, 90.0
375, 93.0
376, 91.0
377, 93.0
378, 87.0
379, 91.0
380, 88.0
381, 94.0
382, 93.0
383, 89.0
384, 88.0
385, 96.0
386, 94.0
387, 87.0
388, 89.0
389, 89.0
390, 88.0
391, 92.0
392, 95.0
393, 95.0
394, 92.0
395, 91.0
396, 88.0
397, 91.0
398, 92.0
399, 90.0
400, 91.0
401, 89.0
402, 86.0
403, 90.0
404, 93.0
405, 93.0
406, 89.0
407, 90.0
408, 95.0
409, 92.0
410, 93.0
411, 92.0
412, 92.0
413, 88.0
414, 93.0
415, 92.0
416, 89.0
417, 90.0
418, 94.0
419, 91.0
420, 91.0
421, 92.0
422, 91.0
423, 90.0
424, 94.0
425, 96.0
426, 90.0
427, 93.0
428, 91.0
429, 90.0
430, 92.0
431, 87.0
432, 95.0
433, 87.0
434, 94.0
435, 87.0
436, 94.0
437, 89.0
438, 92.0
439, 92.0
440, 90.0
441, 92.0
442, 89.0
443, 91.0
444, 90.0
445, 90.0
446, 91.0
447, 95.0
448, 91.0
449, 91.0
450, 91.0
451, 96.0
452, 92.0
453, 92.0
454, 95.0
455, 88.0
456, 97.0
457, 91.0
458, 90.0
459, 92.0
460, 95.0
461, 95.0
462, 92.0
463, 92.0
464, 91.0
465, 85.0
466, 88.0
467, 86.0
468, 97.0
469, 93.0
470, 90.0
471, 93.0
472, 96.0
473, 90.0
474, 92.0
475, 97.0
476, 90.0
477, 90.0
478, 88.0
479, 90.0
480, 90.0
481, 91.0
482, 88.0
483, 94.0
484, 91.0
485, 89.0
486, 93.0
487, 89.0
488, 90.0
489, 89.0
490, 90.0
491, 92.0
492, 91.0
493, 88.0
494, 85.0
495, 93.0
496, 90.0
497, 93.0
498, 87.0
499, 91.0
500, 92.0
501, 91.0
502, 92.0
503, 89.0
504, 96.0
505, 92.0
506, 94.0
507, 87.0
508, 91.0
509, 87.0
510, 86.0
511, 93.0
512, 84.0
513, 93.0
514, 93.0
515, 90.0
516, 93.0
517, 95.0
518, 93.0
519, 96.0
520, 89.0
521, 89.0
522, 87.0
523, 95.0
524, 93.0
525, 93.0
526, 88.0
527, 90.0
528, 89.0
529, 90.0
530, 89.0
531, 90.0
532, 96.0
533, 90.0
534, 88.0
535, 91.0
536, 89.0
537, 92.0
538, 88.0
539, 91.0
540, 95.0
541, 88.0
542, 94.0
543, 91.0
544, 92.0
545, 87.0
546, 90.0
547, 90.0
548, 95.0
549, 91.0
550, 89.0
551, 91.0
552, 93.0
553, 90.0
554, 94.0
555, 91.0
556, 90.0
557, 91.0
558, 89.0
559, 96.0
560, 88.0
561, 93.0
562, 89.0
563, 93.0
564, 95.0
565, 91.0
566, 92.0
567, 89.0
568, 89.0
569, 92.0
570, 88.0
571, 86.0
572, 90.0
573, 89.0
574, 91.0
575, 93.0
576, 93.0
577, 91.0
578, 91.0
579, 89.0
580, 92.0
581, 89.0
582, 92.0
583, 91.0
584, 85.0
585, 93.0
586, 93.0
587, 93.0
588, 91.0
589, 92.0
590, 93.0
591, 91.0
592, 92.0
593, 90.0
594, 95.0
595, 92.0
596, 87.0
597, 90.0
598, 93.0
599, 88.0
600, 90.0
601, 93.0
602, 93.0
603, 90.0
604, 93.0
605, 93.0
606, 92.0
607, 90.0
608, 90.0
609, 91.0
610, 95.0
611, 90.0
612, 91.0
613, 91.0
614, 91.0
615, 89.0
616, 86.0
617, 88.0
618, 89.0
619, 91.0
620, 96.0
621, 92.0
622, 87.0
623, 94.0
624, 94.0
625, 90.0
626, 91.0
627, 89.0
628, 92.0
629, 91.0
630, 93.0
631, 87.0
632, 96.0
633, 90.0
634, 89.0
635, 92.0
636, 84.0
637, 85.0
638, 90.0
639, 91.0
640, 92.0
641, 89.0
642, 88.0
643, 91.0
644, 94.0
645, 92.0
646, 88.0
647, 96.0
648, 92.0
649, 89.0
650, 92.0
651, 87.0
652, 93.0
653, 90.0
654, 93.0
655, 88.0
656, 89.0
657, 92.0
658, 93.0
659, 92.0
660, 93.0
661, 91.0
662, 94.0
663, 93.0
664, 92.0
665, 89.0
666, 92.0
667, 88.0
668, 88.0
669, 93.0
670, 89.0
671, 90.0
672, 92.0
673, 87.0
674, 92.0
675, 90.0
676, 93.0
677, 91.0
678, 89.0
679, 96.0
680, 89.0
681, 92.0
682, 92.0
683, 89.0
684, 86.0
685, 93.0
686, 89.0
687, 92.0
688, 88.0
689, 90.0
690, 90.0
691, 90.0
692, 89.0
693, 91.0
694, 94.0
695, 91.0
696, 91.0
697, 93.0
698, 90.0
699, 90.0
700, 92.0
701, 93.0
702, 91.0
703, 92.0
704, 93.0
705, 88.0
706, 88.0
707, 96.0
708, 89.0
709, 95.0
710, 89.0
711, 93.0
712, 90.0
713, 92.0
714, 89.0
715, 91.0
716, 93.0
717, 91.0
718, 89.0
719, 93.0
720, 89.0
721, 90.0
722, 89.0
723, 91.0
724, 97.0
725, 89.0
726, 89.0
727, 92.0
728, 93.0
729, 87.0
730, 91.0
731, 93.0
732, 91.0
733, 93.0
734, 92.0
735, 91.0
736, 93.0
737, 90.0
738, 88.0
739, 90.0
740, 94.0
741, 93.0
742, 92.0
743, 92.0
744, 88.0
745, 87.0
746, 90.0
747, 91.0
748, 92.0
749, 90.0
750, 89.0
751, 92.0
752, 91.0
753, 94.0
754, 89.0
755, 89.0
756, 95.0
757, 89.0
758, 87.0
759, 95.0
760, 92.0
761, 92.0
762, 90.0
763, 88.0
764, 96.0
765, 93.0
766, 93.0
767, 85.0
768, 89.0
769, 93.0
770, 91.0
771, 90.0
772, 95.0
773, 94.0
774, 90.0
775, 91.0
776, 93.0
777, 91.0
778, 90.0
779, 92.0
780, 93.0
781, 93.0
782, 93.0
783, 93.0
784, 91.0
785, 95.0
786, 87.0
787, 90.0
788, 88.0
789, 94.0
790, 91.0
791, 90.0
792, 89.0
793, 95.0
794, 96.0
795, 92.0
796, 89.0
797, 88.0
798, 88.0
799, 90.0
800, 88.0
801, 87.0
802, 89.0
803, 93.0
804, 89.0
805, 90.0
806, 88.0
807, 89.0
808, 90.0
809, 91.0
810, 92.0
811, 96.0
812, 89.0
813, 95.0
814, 93.0
815, 89.0
816, 91.0
817, 89.0
818, 97.0
819, 89.0
820, 93.0
821, 89.0
822, 93.0
823, 89.0
824, 93.0
825, 90.0
826, 88.0
827, 94.0
828, 94.0
829, 91.0
830, 90.0
831, 92.0
832, 87.0
833, 97.0
834, 92.0
835, 91.0
836, 94.0
837, 90.0
838, 89.0
839, 89.0
840, 89.0
841, 92.0
842, 91.0
843, 93.0
844, 88.0
845, 91.0
846, 89.0
847, 94.0
848, 94.0
849, 91.0
850, 92.0
851, 88.0
852, 88.0
853, 89.0
854, 90.0
855, 91.0
856, 94.0
857, 92.0
858, 90.0
859, 90.0
860, 93.0
861, 88.0
862, 95.0
863, 95.0
864, 95.0
865, 93.0
866, 93.0
867, 87.0
868, 92.0
869, 89.0
870, 97.0
871, 90.0
872, 86.0
873, 84.0
874, 94.0
875, 96.0
876, 87.0
877, 92.0
878, 90.0
879, 92.0
880, 91.0
881, 91.0
882, 86.0
883, 93.0
884, 87.0
885, 96.0
886, 88.0
887, 92.0
888, 94.0
889, 87.0
890, 86.0
891, 90.0
892, 91.0
893, 88.0
894, 92.0
895, 91.0
896, 90.0
897, 92.0
898, 92.0
899, 93.0
900, 88.0
901, 87.0
902, 94.0
903, 92.0
904, 90.0
905, 92.0
906, 92.0
907, 90.0
908, 84.0
909, 92.0
910, 86.0
911, 89.0
912, 94.0
913, 91.0
914, 89.0
915, 92.0
916, 88.0
917, 92.0
918, 90.0
919, 91.0
920, 88.0
921, 92.0
922, 84.0
923, 90.0
924, 88.0
925, 86.0
926, 94.0
927, 89.0
928, 95.0
929, 92.0
930, 89.0
931, 91.0
932, 91.0
933, 91.0
934, 94.0
935, 93.0
936, 91.0
937, 92.0
938, 92.0
939, 89.0
940, 91.0
941, 92.0
942, 93.0
943, 90.0
944, 95.0
945, 92.0
946, 91.0
947, 93.0
948, 92.0
949, 96.0
950, 94.0
951, 90.0
952, 92.0
953, 91.0
954, 94.0
955, 91.0
956, 87.0
957, 92.0
958, 87.0
959, 87.0
960, 94.0
961, 93.0
962, 93.0
963, 94.0
964, 90.0
965, 89.0
966, 87.0
967, 87.0
968, 96.0
969, 92.0
970, 94.0
971, 91.0
972, 94.0
973, 92.0
974, 92.0
975, 96.0
976, 93.0
977, 91.0
978, 90.0
979, 89.0
980, 89.0
981, 86.0
982, 90.0
983, 85.0
984, 90.0
985, 92.0
986, 93.0
987, 93.0
988, 93.0
989, 91.0
990, 93.0
991, 91.0
992, 85.0
993, 87.0
994, 94.0
995, 91.0
996, 93.0
997, 93.0
998, 89.0
999, 89.0
1000, 90.0
1001, 87.0
1002, 97.0
1003, 94.0
1004, 87.0
1005, 95.0
1006, 94.0
1007, 84.0
1008, 89.0
1009, 94.0
1010, 91.0
1011, 91.0
1012, 95.0
1013, 90.0
1014, 94.0
1015, 90.0
1016, 91.0
1017, 93.0
1018, 93.0
1019, 92.0
1020, 88.0
1021, 93.0
1022, 88.0
1023, 90.0
1024, 89.0
1025, 95.0
1026, 91.0
1027, 88.0
1028, 92.0
1029, 89.0
1030, 90.0
1031, 92.0
1032, 89.0
1033, 89.0
1034, 87.0
1035, 90.0
1036, 91.0
1037, 94.0
1038, 94.0
1039, 94.0
1040, 93.0
1041, 92.0
1042, 91.0
1043, 89.0
1044, 95.0
1045, 88.0
1046, 90.0
1047, 89.0
1048, 85.0
1049, 89.0
1050, 91.0
1051, 89.0
1052, 91.0
1053, 92.0
1054, 85.0
1055, 85.0
1056, 89.0
1057, 93.0
1058, 89.0
1059, 91.0
1060, 91.0
1061, 95.0
1062, 89.0
1063, 90.0
1064, 92.0
1065, 89.0
1066, 90.0
1067, 95.0
1068, 92.0
1069, 93.0
1070, 88.0
1071, 87.0
1072, 91.0
1073, 89.0
1074, 86.0
1075, 86.0
1076, 91.0
1077, 92.0
1078, 90.0
1079, 94.0
1080, 93.0
1081, 85.0
1082, 89.0
1083, 91.0
1084, 94.0
1085, 92.0
1086, 88.0
1087, 88.0
1088, 93.0
1089, 93.0
1090, 94.0
1091, 89.0
1092, 94.0
1093, 87.0
1094, 93.0
1095, 91.0
1096, 91.0
1097, 95.0
1098, 93.0
1099, 92.0
1100, 88.0
1101, 89.0
1102, 89.0
1103, 89.0
1104, 91.0
1105, 94.0
1106, 94.0
1107, 93.0
1108, 91.0
1109, 93.0
1110, 87.0
1111, 92.0
1112, 91.0
1113, 92.0
1114, 93.0
1115, 91.0
1116, 87.0
1117, 91.0
1118, 91.0
1119, 92.0
1120, 89.0
1121, 86.0
1122, 92.0
1123, 94.0
1124, 86.0
1125, 88.0
1126, 88.0
1127, 92.0
1128, 89.0
1129, 86.0
1130, 94.0
1131, 89.0
1132, 88.0
1133, 92.0
1134, 92.0
1135, 93.0
1136, 93.0
1137, 92.0
1138, 93.0
1139, 94.0
1140, 92.0
1141, 92.0
1142, 89.0
1143, 88.0
1144, 92.0
1145, 93.0
1146, 90.0
1147, 91.0
1148, 92.0
1149, 90.0
1150, 86.0
1151, 97.0
1152, 92.0
1153, 93.0
1154, 88.0
1155, 90.0
1156, 88.0
1157, 91.0
1158, 92.0
1159, 91.0
1160, 89.0
1161, 94.0
1162, 91.0
1163, 91.0
1164, 91.0
1165, 90.0
1166, 90.0
1167, 89.0
1168, 91.0
1169, 94.0
1170, 95.0
1171, 93.0
1172, 90.0
1173, 93.0
1174, 90.0
1175, 88.0
1176, 91.0
1177, 93.0
1178, 91.0
1179, 92.0
1180, 92.0
1181, 89.0
1182, 95.0
1183, 90.0
1184, 92.0
1185, 88.0
1186, 92.0
1187, 88.0
1188, 92.0
1189, 90.0
1190, 92.0
1191, 89.0
1192, 91.0
1193, 91.0
1194, 91.0
1195, 92.0
1196, 91.0
1197, 90.0
1198, 94.0
1199, 91.0
1200, 93.0
1201, 92.0
1202, 89.0
1203, 93.0
1204, 90.0
1205, 91.0
1206, 91.0
1207, 91.0
1208, 91.0
1209, 90.0
1210, 95.0
1211, 88.0
1212, 89.0
1213, 89.0
1214, 88.0
1215, 89.0
1216, 87.0
1217, 90.0
1218, 89.0
1219, 88.0
1220, 95.0
1221, 88.0
1222, 91.0
1223, 90.0
1224, 88.0
1225, 89.0
1226, 88.0
1227, 89.0
1228, 94.0
1229, 91.0
1230, 92.0
1231, 90.0
1232, 90.0
1233, 89.0
1234, 91.0
1235, 88.0
1236, 89.0
1237, 89.0
1238, 89.0
1239, 93.0
1240, 92.0
1241, 88.0
1242, 94.0
1243, 83.0
1244, 88.0
1245, 88.0
1246, 88.0
1247, 89.0
1248, 88.0
1249, 87.0
1250, 88.0
1251, 86.0
1252, 89.0
1253, 86.0
1254, 92.0
1255, 88.0
1256, 84.0
1257, 89.0
1258, 90.0
1259, 85.0
1260, 89.0
1261, 89.0
1262, 87.0
1263, 88.0
1264, 91.0
1265, 92.0
1266, 91.0
1267, 88.0
1268, 92.0
1269, 89.0
1270, 88.0
1271, 91.0
1272, 88.0
1273, 93.0
1274, 88.0
1275, 94.0
1276, 91.0
1277, 92.0
1278, 88.0
1279, 93.0
1280, 89.0
1281, 87.0
1282, 86.0
1283, 95.0
1284, 89.0
1285, 93.0
1286, 94.0
1287, 89.0
1288, 93.0
1289, 94.0
1290, 95.0
1291, 91.0
1292, 88.0
1293, 93.0
1294, 90.0
1295, 90.0
1296, 87.0
1297, 85.0
1298, 88.0
1299, 90.0
1300, 91.0
1301, 88.0
1302, 90.0
1303, 88.0
1304, 87.0
1305, 98.0
1306, 90.0
1307, 93.0
1308, 95.0
1309, 90.0
1310, 89.0
1311, 88.0
1312, 91.0
1313, 89.0
1314, 85.0
1315, 87.0
1316, 92.0
1317, 94.0
1318, 92.0
1319, 88.0
1320, 86.0
1321, 90.0
1322, 92.0
1323, 89.0
1324, 90.0
1325, 90.0
1326, 91.0
1327, 94.0
1328, 89.0
1329, 89.0
1330, 90.0
1331, 91.0
1332, 91.0
1333, 92.0
1334, 90.0
1335, 88.0
1336, 87.0
1337, 90.0
1338, 96.0
1339, 86.0
1340, 92.0
1341, 86.0
1342, 90.0
1343, 94.0
1344, 85.0
1345, 89.0
1346, 89.0
1347, 89.0
1348, 88.0
1349, 93.0
1350, 89.0
1351, 93.0
1352, 85.0
1353, 88.0
1354, 88.0
1355, 90.0
1356, 96.0
1357, 88.0
1358, 90.0
1359, 92.0
1360, 91.0
1361, 94.0
1362, 87.0
1363, 90.0
1364, 90.0
1365, 91.0
1366, 90.0
1367, 92.0
1368, 85.0
1369, 89.0
1370, 88.0
1371, 89.0
1372, 89.0
1373, 91.0
1374, 94.0
1375, 91.0
1376, 91.0
1377, 94.0
1378, 90.0
1379, 89.0
1380, 89.0
1381, 93.0
1382, 92.0
1383, 89.0
1384, 90.0
1385, 90.0
1386, 89.0
1387, 85.0
1388, 89.0
1389, 93.0
1390, 89.0
1391, 91.0
1392, 93.0
1393, 90.0
1394, 91.0
1395, 90.0
1396, 94.0
1397, 89.0
1398, 92.0
1399, 91.0
1400, 89.0
1401, 93.0
1402, 90.0
1403, 89.0
1404, 94.0
1405, 94.0
1406, 85.0
1407, 91.0
1408, 92.0
1409, 89.0
1410, 91.0
1411, 89.0
1412, 91.0
1413, 92.0
1414, 89.0
1415, 89.0
1416, 92.0
1417, 88.0
1418, 87.0
1419, 88.0
1420, 94.0
1421, 91.0
1422, 95.0
1423, 90.0
1424, 88.0
1425, 87.0
1426, 89.0
1427, 89.0
1428, 90.0
1429, 86.0
1430, 90.0
1431, 87.0
1432, 87.0
1433, 87.0
1434, 87.0
1435, 94.0
1436, 89.0
1437, 88.0
1438, 94.0
1439, 88.0
1440, 88.0
1441, 95.0
1442, 93.0
1443, 85.0
1444, 94.0
1445, 91.0
1446, 91.0
1447, 90.0
1448, 91.0
1449, 90.0
1450, 87.0
1451, 92.0
1452, 91.0
1453, 90.0
1454, 93.0
1455, 92.0
1456, 90.0
1457, 92.0
1458, 89.0
1459, 90.0
1460, 88.0
1461, 93.0
1462, 87.0
1463, 92.0
1464, 92.0
1465, 91.0
1466, 89.0
1467, 90.0
1468, 91.0
1469, 89.0
1470, 89.0
1471, 86.0
1472, 91.0
1473, 91.0
1474, 89.0
1475, 86.0
1476, 95.0
1477, 93.0
1478, 92.0
1479, 87.0
1480, 91.0
1481, 90.0
1482, 90.0
1483, 91.0
1484, 92.0
1485, 93.0
1486, 88.0
1487, 85.0
1488, 87.0
1489, 92.0
1490, 90.0
1491, 88.0
1492, 91.0
1493, 94.0
1494, 91.0
1495, 90.0
1496, 92.0
1497, 85.0
1498, 91.0
1499, 88.0
1500, 88.0
1501, 85.0
1502, 92.0
1503, 88.0
1504, 90.0
1505, 88.0
1506, 94.0
1507, 91.0
1508, 93.0
1509, 90.0
1510, 92.0
1511, 90.0
1512, 90.0
1513, 92.0
1514, 84.0
1515, 90.0
1516, 88.0
1517, 95.0
1518, 86.0
1519, 91.0
1520, 86.0
1521, 87.0
1522, 93.0
1523, 93.0
1524, 92.0
1525, 89.0
1526, 90.0
1527, 91.0
1528, 92.0
1529, 91.0
1530, 90.0
1531, 89.0
1532, 89.0
1533, 93.0
1534, 91.0
1535, 85.0
1536, 91.0
1537, 90.0
1538, 89.0
1539, 88.0
1540, 93.0
1541, 89.0
1542, 91.0
1543, 92.0
1544, 88.0
1545, 92.0
1546, 91.0
1547, 94.0
1548, 90.0
1549, 93.0
1550, 91.0
1551, 90.0
1552, 90.0
1553, 92.0
1554, 90.0
1555, 92.0
1556, 90.0
1557, 86.0
1558, 88.0
1559, 91.0
1560, 90.0
1561, 87.0
1562, 93.0
1563, 88.0
1564, 89.0
1565, 92.0
1566, 89.0
1567, 88.0
1568, 91.0
1569, 89.0
1570, 93.0
1571, 92.0
1572, 88.0
1573, 89.0
1574, 85.0
1575, 94.0
1576, 88.0
1577, 95.0
1578, 90.0
1579, 90.0
1580, 92.0
1581, 88.0
1582, 91.0
1583, 92.0
1584, 86.0
1585, 94.0
1586, 92.0
1587, 90.0
1588, 90.0
1589, 90.0
1590, 86.0
1591, 90.0
1592, 87.0
1593, 93.0
1594, 88.0
1595, 92.0
1596, 86.0
1597, 89.0
1598, 94.0
1599, 92.0
1600, 91.0
1601, 95.0
1602, 92.0
1603, 90.0
1604, 89.0
1605, 87.0
1606, 89.0
1607, 91.0
1608, 95.0
1609, 90.0
1610, 95.0
1611, 88.0
1612, 87.0
1613, 91.0
1614, 89.0
1615, 88.0
1616, 93.0
1617, 91.0
1618, 89.0
1619, 90.0
1620, 94.0
1621, 93.0
1622, 90.0
1623, 92.0
1624, 93.0
1625, 97.0
1626, 94.0
1627, 91.0
1628, 87.0
1629, 87.0
1630, 91.0
1631, 89.0
1632, 92.0
1633, 91.0
1634, 91.0
1635, 88.0
1636, 86.0
1637, 92.0
1638, 89.0
1639, 94.0
1640, 92.0
1641, 90.0
1642, 91.0
1643, 87.0
1644, 93.0
1645, 91.0
1646, 88.0
1647, 91.0
1648, 92.0
1649, 90.0
1650, 94.0
1651, 84.0
1652, 92.0
1653, 87.0
1654, 93.0
1655, 92.0
1656, 94.0
1657, 91.0
1658, 97.0
1659, 93.0
1660, 88.0
1661, 93.0
1662, 88.0
1663, 94.0
1664, 93.0
1665, 92.0
1666, 92.0
1667, 88.0
1668, 91.0
1669, 87.0
1670, 87.0
1671, 96.0
1672, 95.0
1673, 86.0
1674, 94.0
1675, 95.0
1676, 96.0
1677, 89.0
1678, 91.0
1679, 90.0
1680, 87.0
1681, 87.0
1682, 91.0
1683, 93.0
1684, 88.0
1685, 85.0
1686, 88.0
1687, 88.0
1688, 90.0
1689, 94.0
1690, 93.0
1691, 92.0
1692, 92.0
1693, 91.0
1694, 92.0
1695, 86.0
1696, 87.0
1697, 89.0
1698, 97.0
1699, 92.0
1700, 91.0
1701, 92.0
1702, 88.0
1703, 95.0
1704, 95.0
1705, 90.0
1706, 90.0
1707, 95.0
1708, 92.0
1709, 92.0
1710, 93.0
1711, 90.0
1712, 89.0
1713, 93.0
1714, 90.0
1715, 93.0
1716, 92.0
1717, 90.0
1718, 84.0
1719, 91.0
1720, 92.0
1721, 87.0
1722, 96.0
1723, 92.0
1724, 93.0
1725, 92.0
1726, 92.0
1727, 91.0
1728, 95.0
1729, 92.0
1730, 95.0
1731, 96.0
1732, 96.0
1733, 94.0
1734, 96.0
1735, 94.0
1736,101.0
1737, 95.0
1738, 96.0
1739, 96.0
1740, 96.0
1741, 95.0
1742, 96.0
1743, 95.0
1744, 97.0
1745,100.0
1746, 99.0
1747, 99.0
1748, 99.0
1749, 96.0
1750,100.0
1751,101.0
1752,102.0
1753,100.0
1754, 95.0
1755, 97.0
1756, 95.0
1757,101.0
1758,104.0
1759,101.0
1760, 95.0
1761,110.0
1762,107.0
1763,108.0
1764, 99.0
1765,108.0
1766,122.0
1767,132.0
1768,115.0
1769,103.0
1770,135.0
1771,203.0
1772,201.0
1773,148.0
1774,173.0
1775,337.0
1776,525.0
1777,537.0
1778,586.0
1779,1233.0
1780,2753.0
1781,3832.0
1782,3907.0
1783,3517.0
1784,1974.0
1785,776.0
1786,478.0
1787,448.0
1788,370.0
1789,279.0
1790,206.0
1791,175.0
1792,160.0
1793,186.0
1794,145.0
1795,122.0
1796,137.0
1797,127.0
1798,132.0
1799,113.0
1800,121.0
1801,114.0
1802,117.0
1803,113.0
1804,116.0
1805,108.0
1806,107.0
1807,111.0
1808,106.0
1809,111.0
1810,105.0
1811,102.0
1812, 96.0
1813, 99.0
1814,100.0
1815,105.0
1816,101.0
1817,100.0
1818,102.0
1819, 96.0
1820, 96.0
1821,102.0
1822,100.0
1823,102.0
1824,103.0
1825, 95.0
1826, 97.0
1827, 95.0
1828, 98.0
1829,100.0
1830, 97.0
1831, 96.0
1832, 99.0
1833, 98.0
1834, 97.0
1835, 94.0
1836, 97.0
1837, 96.0
1838,100.0
1839, 97.0
1840, 97.0
1841, 92.0
1842, 95.0
1843, 95.0
1844, 96.0
1845, 98.0
1846, 93.0
1847, 95.0
1848,100.0
1849, 92.0
1850, 94.0
1851, 92.0
1852, 97.0
1853, 98.0
1854, 93.0
1855, 95.0
1856, 92.0
1857, 93.0
1858, 95.0
1859, 91.0
1860, 91.0
1861, 94.0
1862, 97.0
1863, 94.0
1864, 90.0
1865, 96.0
1866, 89.0
1867, 91.0
1868, 92.0
1869, 92.0
1870, 95.0
1871, 92.0
1872, 99.0
1873, 94.0
1874, 95.0
1875, 93.0
1876, 96.0
1877, 91.0
1878, 90.0
1879, 95.0
1880, 98.0
1881, 91.0
1882, 89.0
1883, 95.0
1884, 93.0
1885,105.0
1886, 95.0
1887, 91.0
1888, 93.0
1889, 91.0
1890, 89.0
1891, 87.0
1892, 94.0
1893, 94.0
1894, 91.0
1895, 93.0
1896, 93.0
1897, 94.0
1898, 93.0
1899, 93.0
1900, 91.0
1901, 88.0
1902, 93.0
1903, 89.0
1904, 92.0
1905, 92.0
1906, 93.0
1907, 91.0
1908, 95.0
1909, 95.0
1910, 95.0
1911, 95.0
1912, 93.0
1913, 95.0
1914, 92.0
1915, 91.0
1916, 93.0
1917, 93.0
1918, 92.0
1919, 88.0
1920, 91.0
1921, 90.0
1922, 92.0
1923, 94.0
1924, 94.0
1925, 90.0
1926, 93.0
1927, 91.0
1928, 91.0
1929, 88.0
1930, 94.0
1931, 92.0
1932, 90.0
1933, 90.0
1934, 92.0
1935, 92.0
1936, 91.0
1937, 90.0
1938, 90.0
1939, 88.0
1940, 91.0
1941, 89.0
1942, 93.0
1943, 93.0
1944, 89.0
1945, 96.0
1946, 90.0
1947, 91.0
1948, 93.0
1949, 90.0
1950, 91.0
1951, 89.0
1952, 94.0
1953, 91.0
1954, 94.0
1955, 87.0
1956, 95.0
1957, 90.0
1958, 90.0
1959, 92.0
1960, 89.0
1961, 93.0
1962, 95.0
1963, 92.0
1964, 88.0
1965, 88.0
1966, 91.0
1967, 88.0
1968, 96.0
1969, 93.0
1970, 87.0
1971, 93.0
1972, 89.0
1973, 93.0
1974, 91.0
1975, 93.0
1976, 91.0
1977, 91.0
1978, 93.0
1979, 85.0
1980, 93.0
1981, 95.0
1982, 89.0
1983, 87.0
1984, 92.0
1985, 89.0
1986, 92.0
1987, 91.0
1988, 93.0
1989, 91.0
1990, 93.0
1991, 95.0
1992, 93.0
1993, 94.0
1994, 93.0
1995, 90.0
1996, 95.0
1997, 90.0
1998, 88.0
1999, 88.0
2000, 90.0
2001, 87.0
2002, 92.0
2003, 92.0
2004, 89.0
2005, 93.0
2006, 91.0
2007, 91.0
2008, 93.0
2009, 90.0
2010, 89.0
2011, 90.0
2012, 88.0
2013, 85.0
2014, 91.0
2015, 92.0
2016, 88.0
2017, 94.0
2018, 92.0
2019, 88.0
2020, 88.0
2021, 90.0
2022, 89.0
2023, 95.0
2024, 95.0
2025, 87.0
2026, 87.0
2027, 87.0
2028, 91.0
2029, 92.0
2030, 90.0
2031, 91.0
2032, 95.0
2033, 92.0
2034, 89.0
2035, 94.0
2036, 93.0
2037, 91.0
2038, 89.0
2039, 89.0
2040, 92.0
2041, 88.0
2042, 92.0
2043, 91.0
2044, 89.0
2045, 89.0
2046, 86.0
2047, 96.0
2048, 94.0
2049, 95.0
2050, 91.0
2051, 88.0
2052, 89.0
2053, 89.0
2054, 95.0
2055, 90.0
2056, 94.0
2057, 92.0
2058, 91.0
2059, 85.0
2060, 94.0
2061, 93.0
2062, 91.0
2063, 91.0
2064, 87.0
2065, 90.0
2066, 86.0
2067, 91.0
2068, 94.0
2069, 89.0
2070, 95.0
2071, 91.0
2072, 95.0
2073, 93.0
2074, 89.0
2075, 90.0
2076, 91.0
2077, 88.0
2078, 91.0
2079, 91.0
2080, 91.0
2081, 94.0
2082, 89.0
2083, 91.0
2084, 91.0
2085, 88.0
2086, 93.0
2087, 88.0
2088, 92.0
2089, 91.0
2090, 89.0
2091, 91.0
2092, 92.0
2093, 91.0
2094, 91.0
2095, 92.0
2096, 90.0
2097, 88.0
2098, 90.0
2099, 89.0
2100, 93.0
2101, 92.0
2102, 95.0
2103, 93.0
2104, 95.0
2105, 86.0
2106, 94.0
2107, 93.0
2108, 86.0
2109, 90.0
2110, 87.0
2111, 82.0
2112, 89.0
2113, 92.0
2114, 90.0
2115, 88.0
2116, 88.0
2117, 91.0
2118, 90.0
2119, 95.0
2120, 90.0
2121, 88.0
2122, 88.0
2123, 93.0
2124, 94.0
2125, 91.0
2126, 91.0
2127, 91.0
2128, 92.0
2129, 92.0
2130, 88.0
2131, 93.0
2132, 89.0
2133, 92.0
2134, 87.0
2135, 88.0
2136, 93.0
2137, 88.0
2138, 92.0
2139, 90.0
2140, 93.0
2141, 86.0
2142, 87.0
2143, 90.0
2144, 89.0
2145, 93.0
2146, 94.0
2147, 92.0
2148, 85.0
2149, 93.0
2150, 91.0
2151, 89.0
2152, 88.0
2153, 91.0
2154, 90.0
2155, 93.0
2156, 86.0
2157, 92.0
2158, 89.0
2159, 92.0
2160, 85.0
2161, 88.0
2162, 95.0
2163, 93.0
2164, 94.0
2165, 90.0
2166, 88.0
2167, 88.0
2168, 92.0
2169, 91.0
2170, 87.0
2171, 92.0
2172, 87.0
2173, 89.0
2174, 88.0
2175, 91.0
2176, 92.0
2177, 90.0
2178, 89.0
2179, 93.0
2180, 88.0
2181, 93.0
2182, 99.0
2183, 90.0
2184, 92.0
2185, 91.0
2186, 89.0
2187, 93.0
2188, 92.0
2189, 86.0
2190, 90.0
2191, 87.0
2192, 88.0
2193, 86.0
2194, 91.0
2195, 91.0
2196, 91.0
2197, 90.0
2198, 88.0
2199, 85.0
2200, 94.0
2201, 91.0
2202, 92.0
2203, 89.0
2204, 93.0
2205, 88.0
2206, 89.0
2207, 91.0
2208, 86.0
2209, 88.0
2210, 89.0
2211, 92.0
2212, 90.0
2213, 92.0
2214, 91.0
2215, 85.0
2216, 87.0
2217, 92.0
2218, 92.0
2219, 94.0
2220, 89.0
2221, 87.0
2222, 92.0
2223, 95.0
2224, 91.0
2225, 90.0
2226, 95.0
2227, 90.0
2228, 90.0
2229, 89.0
2230, 89.0
2231, 93.0
2232, 88.0
2233, 93.0
2234, 90.0
2235, 89.0
2236, 90.0
2237, 86.0
2238, 86.0
2239, 91.0
2240, 89.0
2241, 94.0
2242, 90.0
2243, 86.0
2244, 90.0
2245, 88.0
2246, 91.0
2247, 92.0
2248, 86.0
2249, 93.0
2250, 93.0
2251, 90.0
2252, 95.0
2253, 94.0
2254, 89.0
2255, 86.0
2256, 91.0
2257, 93.0
2258, 89.0
2259, 90.0
2260, 88.0
2261, 90.0
2262, 86.0
2263, 86.0
2264, 92.0
2265, 88.0
2266, 91.0
2267, 89.0
2268, 91.0
2269, 88.0
2270, 93.0
2271, 89.0
2272, 87.0
2273, 90.0
2274, 95.0
2275, 91.0
2276, 90.0
2277, 90.0
2278, 89.0
2279, 92.0
2280, 90.0
2281, 89.0
2282, 92.0
2283, 88.0
2284, 92.0
2285, 94.0
2286, 90.0
2287, 93.0
2288, 89.0
2289, 90.0
2290, 89.0
2291, 90.0
2292, 88.0
2293, 90.0
2294, 90.0
2295, 90.0
2296, 92.0
2297, 94.0
2298, 90.0
2299, 94.0
2300, 84.0
2301, 90.0
2302, 88.0
2303, 89.0
2304, 86.0
2305, 90.0
2306, 91.0
2307, 95.0
2308, 95.0
2309, 87.0
2310, 93.0
2311, 92.0
2312, 92.0
2313, 91.0
2314, 94.0
2315, 88.0
2316, 86.0
2317, 89.0
2318, 91.0
2319, 94.0
2320, 89.0
2321, 90.0
2322, 93.0
2323, 91.0
2324, 91.0
2325, 90.0
2326, 91.0
2327, 91.0
2328, 90.0
2329, 90.0
2330, 93.0
2331, 95.0
2332, 89.0
2333, 89.0
2334, 94.0
2335, 89.0
2336, 90.0
2337, 88.0
2338, 89.0
2339, 89.0
2340, 92.0
2341, 90.0
2342, 89.0
2343, 92.0
2344, 91.0
2345, 90.0
2346, 86.0
2347, 89.0
2348, 88.0
2349, 95.0
2350, 87.0
2351, 89.0
2352, 91.0
2353, 95.0
2354, 92.0
2355, 88.0
2356, 94.0
2357, 94.0
2358, 90.0
2359, 90.0
2360, 88.0
2361, 87.0
2362, 89.0
2363, 93.0
2364, 91.0
2365, 92.0
2366, 93.0
2367, 91.0
2368, 90.0
2369, 89.0
2370, 95.0
2371, 93.0
2372, 88.0
2373, 93.0
2374, 88.0
2375, 91.0
2376, 92.0
2377, 89.0
2378, 92.0
2379, 91.0
2380, 88.0
2381, 86.0
2382, 90.0
2383, 91.0
2384, 92.0
2385, 90.0
2386, 91.0
2387, 90.0
2388, 83.0
2389, 86.0
2390, 94.0
2391, 90.0
2392, 92.0
2393, 92.0
2394, 92.0
2395, 90.0
2396, 93.0
2397, 95.0
2398, 90.0
2399, 92.0
2400, 93.0
2401, 89.0
2402, 89.0
2403, 93.0
2404, 88.0
2405, 92.0
2406, 90.0
2407, 90.0
2408, 95.0
2409, 92.0
2410, 91.0
2411, 90.0
2412, 89.0
2413, 86.0
2414, 87.0
2415, 92.0
2416, 90.0
2417, 92.0
2418, 91.0
2419, 89.0
2420, 93.0
2421, 91.0
2422, 92.0
2423, 89.0
2424, 92.0
2425, 89.0
2426, 87.0
2427, 89.0
2428, 88.0
2429, 83.0
2430, 87.0
2431, 93.0
2432, 90.0
2433, 92.0
2434, 92.0
2435, 92.0
2436, 89.0
2437, 90.0
2438, 87.0
2439, 91.0
2440, 93.0
2441, 88.0
2442, 91.0
2443, 90.0
2444, 87.0
2445, 86.0
2446, 94.0
2447, 91.0
2448, 89.0
2449, 91.0
2450, 90.0
2451, 88.0
2452, 88.0
2453, 89.0
2454, 94.0
2455, 93.0
2456, 90.0
2457, 90.0
2458, 87.0
2459, 89.0
2460, 92.0
2461, 89.0
2462, 94.0
2463, 84.0
2464, 92.0
2465, 92.0
2466, 90.0
2467, 89.0
2468, 92.0
2469, 90.0
2470, 89.0
2471, 91.0
2472, 87.0
2473, 88.0
2474, 97.0
2475, 91.0
2476, 93.0
2477, 88.0
2478, 93.0
2479, 91.0
2480, 88.0
2481, 92.0
2482, 90.0
2483, 94.0
2484, 91.0
2485, 94.0
2486, 88.0
2487, 88.0
2488, 86.0
2489, 94.0
2490, 93.0
2491, 86.0
2492, 87.0
2493, 94.0
2494, 91.0
2495, 92.0
2496, 89.0
2497, 89.0
2498, 88.0
2499, 90.0
2500, 94.0
2501, 96.0
2502, 91.0
2503, 90.0
2504, 88.0
2505, 95.0
2506, 90.0
2507, 90.0
2508, 92.0
2509, 90.0
2510, 88.0
2511, 94.0
2512, 93.0
2513, 93.0
2514, 92.0
2515, 87.0
2516, 90.0
2517, 93.0
2518, 91.0
2519, 91.0
2520, 93.0
2521, 91.0
2522, 87.0
2523, 89.0
2524, 95.0
2525, 90.0
2526, 90.0
2527, 92.0
2528, 92.0
2529, 91.0
2530, 88.0
2531, 87.0
2532, 91.0
2533, 90.0
2534, 92.0
2535, 91.0
2536, 90.0
2537, 91.0
2538, 89.0
2539, 93.0
2540, 89.0
2541, 92.0
2542, 86.0
2543, 94.0
2544, 93.0
2545, 96.0
2546, 91.0
2547, 93.0
2548, 91.0
2549, 91.0
2550, 90.0
2551, 93.0
2552, 86.0
2553, 93.0
2554, 88.0
2555, 93.0
2556, 93.0
2557, 89.0
2558, 90.0
2559, 94.0
2560, 89.0
2561, 90.0
2562, 95.0
2563, 87.0
2564, 91.0
2565, 88.0
2566, 91.0
2567, 88.0
2568, 90.0
2569, 91.0
2570, 96.0
2571, 85.0
2572, 92.0
2573, 89.0
2574, 91.0
2575, 96.0
2576, 94.0
2577, 90.0
2578, 92.0
2579, 89.0
2580, 88.0
2581, 89.0
2582, 92.0
2583, 90.0
2584, 91.0
2585, 86.0
2586, 89.0
2587, 88.0
2588, 92.0
2589, 91.0
2590, 92.0
2591, 90.0
2592, 89.0
2593, 87.0
2594, 94.0
2595, 88.0
2596, 86.0
2597, 93.0
2598, 94.0
2599, 92.0
2600, 91.0
2601, 90.0
2602, 88.0
2603, 92.0
2604, 90.0
2605, 90.0
2606, 93.0
2607, 86.0
2608, 92.0
2609, 91.0
2610, 93.0
2611, 92.0
2612, 87.0
2613, 91.0
2614, 93.0
2615, 95.0
2616, 88.0
2617, 95.0
2618, 91.0
2619, 93.0
2620, 90.0
2621, 92.0
2622, 89.0
2623, 88.0
2624, 89.0
2625, 90.0
2626, 89.0
2627, 89.0
2628, 90.0
2629, 85.0
2630, 89.0
2631, 92.0
2632, 88.0
2633, 92.0
2634, 91.0
2635, 88.0
2636, 87.0
2637, 89.0
2638, 90.0
2639, 90.0
2640, 87.0
2641, 91.0
2642, 91.0
2643, 93.0
2644, 89.0
2645, 89.0
2646, 87.0
2647, 94.0
2648, 86.0
2649, 90.0
2650, 92.0
2651, 89.0
2652, 90.0
2653, 87.0
2654, 93.0
2655, 88.0
2656, 92.0
2657, 87.0
2658, 91.0
2659, 91.0
2660, 95.0
2661, 91.0
2662, 90.0
2663, 89.0
2664, 91.0
2665, 90.0
2666, 89.0
2667, 85.0
2668, 95.0
2669, 89.0
2670, 89.0
2671, 91.0
2672, 89.0
2673, 90.0
2674, 94.0
2675, 91.0
2676, 91.0
2677, 93.0
2678, 93.0
2679, 89.0
2680, 93.0
2681, 91.0
2682, 91.0
2683, 91.0
2684, 90.0
2685, 92.0
2686, 91.0
2687, 86.0
2688, 95.0
2689, 92.0
2690, 88.0
2691, 90.0
2692, 91.0
2693, 94.0
2694, 90.0
2695, 88.0
2696, 90.0
2697, 91.0
2698, 87.0
2699, 88.0
2700, 90.0
2701, 90.0
2702, 91.0
2703, 88.0
2704, 91.0
2705, 91.0
2706, 87.0
2707, 92.0
2708, 95.0
2709, 91.0
2710, 95.0
2711, 89.0
2712, 90.0
2713, 92.0
2714, 90.0
2715, 92.0
2716, 89.0
2717, 87.0
2718, 93.0
2719, 88.0
2720, 89.0
2721, 85.0
2722, 94.0
2723, 91.0
2724, 90.0
2725, 92.0
2726, 91.0
2727, 91.0
2728, 90.0
2729, 91.0
2730, 84.0
2731, 90.0
2732, 85.0
2733, 90.0
2734, 90.0
2735, 88.0
2736, 92.0
2737, 92.0
2738, 90.0
2739, 92.0
2740, 91.0
2741, 88.0
2742, 90.0
2743, 90.0
2744, 93.0
2745, 93.0
2746, 94.0
2747, 90.0
2748, 94.0
2749, 93.0
2750, 88.0
2751, 89.0
2752, 88.0
2753, 89.0
2754, 94.0
2755, 94.0
2756, 91.0
2757, 90.0
2758, 88.0
2759, 91.0
2760, 94.0
2761, 86.0
2762, 87.0
2763, 90.0
2764, 91.0
2765, 95.0
2766, 86.0
2767, 91.0
2768, 90.0
2769, 91.0
2770, 91.0
2771, 89.0
2772, 89.0
2773, 90.0
2774, 89.0
2775, 93.0
2776, 90.0
2777, 87.0
2778, 89.0
2779, 94.0
2780, 90.0
2781, 84.0
2782, 88.0
2783, 92.0
2784, 90.0
2785, 90.0
2786, 93.0
2787, 88.0
2788, 95.0
2789, 92.0
2790, 94.0
2791, 91.0
2792, 91.0
2793, 88.0
2794, 84.0
2795, 90.0
2796, 95.0
2797, 93.0
2798, 91.0
2799, 89.0
2800, 91.0
2801, 91.0
2802, 96.0
2803, 92.0
2804, 92.0
2805, 96.0
2806, 90.0
2807, 90.0
2808, 94.0
2809, 93.0
2810, 93.0
2811, 92.0
2812, 93.0
2813, 91.0
2814, 89.0
2815, 92.0
2816, 92.0
2817, 90.0
2818, 92.0
2819, 91.0
2820, 93.0
2821, 89.0
2822, 89.0
2823, 94.0
2824, 87.0
2825, 98.0
2826, 87.0
2827, 92.0
2828, 92.0
2829, 87.0
2830, 95.0
2831, 91.0
2832, 94.0
2833, 89.0
2834, 87.0
2835, 89.0
2836, 85.0
2837, 90.0
2838, 91.0
2839, 90.0
2840, 93.0
2841, 89.0
2842, 95.0
2843, 90.0
2844, 92.0
2845, 93.0
2846, 88.0
2847, 90.0
2848, 90.0
2849, 96.0
2850, 88.0
2851, 91.0
2852, 91.0
2853, 92.0
2854, 87.0
2855, 90.0
2856, 95.0
2857, 92.0
2858, 95.0
2859, 89.0
2860, 91.0
2861, 90.0
2862, 90.0
2863, 89.0
2864, 89.0
2865, 89.0
2866, 91.0
2867, 96.0
2868, 93.0
2869, 95.0
2870, 91.0
2871, 90.0
2872, 86.0
2873, 91.0
2874, 88.0
2875, 90.0
2876, 89.0
2877, 91.0
2878, 89.0
2879, 90.0
2880, 93.0
2881, 87.0
2882, 91.0
2883, 84.0
2884, 97.0
2885, 91.0
2886, 95.0
2887, 94.0
2888, 89.0
2889, 88.0
2890, 86.0
2891, 90.0
2892, 90.0
2893, 90.0
2894, 93.0
2895, 92.0
2896, 93.0
2897, 90.0
2898, 93.0
2899, 86.0
2900, 89.0
2901, 95.0
2902, 92.0
2903, 92.0
2904, 87.0
2905, 88.0
2906, 93.0
2907, 91.0
2908, 92.0
2909, 86.0
2910, 87.0
2911, 88.0
2912, 88.0
2913, 91.0
2914, 89.0
2915, 90.0
2916, 91.0
2917, 89.0
2918, 91.0
2919, 90.0
2920, 89.0
2921, 90.0
2922, 92.0
2923, 93.0
2924, 90.0
2925, 90.0
2926, 94.0
2927, 91.0
2928, 95.0
2929, 90.0
2930, 92.0
2931, 88.0
2932, 87.0
2933, 91.0
2934, 96.0
2935, 96.0
2936, 92.0
2937, 90.0
2938, 86.0
2939, 87.0
2940, 89.0
2941, 92.0
2942, 89.0
2943, 90.0
2944, 92.0
2945, 87.0
2946, 86.0
2947, 90.0
2948, 95.0
2949, 90.0
2950, 90.0
2951, 92.0
2952, 93.0
2953, 95.0
2954, 89.0
2955, 91.0
2956, 93.0
2957, 89.0
2958, 90.0
2959, 91.0
2960, 91.0
2961, 90.0
2962, 92.0
2963, 89.0
2964, 92.0
2965, 92.0
2966, 95.0
2967, 88.0
2968, 94.0
2969, 89.0
2970, 89.0
2971, 91.0
2972, 89.0
2973, 88.0
2974, 93.0
2975, 86.0
2976, 94.0
2977, 90.0
2978, 94.0
2979, 85.0
2980, 89.0
2981, 91.0
2982, 87.0
2983, 89.0
2984, 88.0
2985, 87.0
2986, 94.0
2987, 92.0
2988, 86.0
2989, 96.0
2990, 90.0
2991, 94.0
2992, 87.0
2993, 95.0
2994, 91.0
2995, 93.0
2996, 90.0
2997, 93.0
2998, 90.0
2999, 88.0
3000, 92.0
3001, 90.0
3002, 89.0
3003, 92.0
3004, 95.0
3005, 92.0
3006, 88.0
3007, 86.0
3008, 93.0
3009, 96.0
3010, 90.0
3011, 85.0
3012, 92.0
3013, 92.0
3014, 89.0
3015, 91.0
3016, 90.0
3017, 90.0
3018, 93.0
3019, 92.0
3020, 90.0
3021, 93.0
3022, 90.0
3023, 93.0
3024, 92.0
3025, 90.0
3026, 90.0
3027, 93.0
3028, 96.0
3029, 88.0
3030, 86.0
3031, 87.0
3032, 88.0
3033, 96.0
3034, 91.0
3035, 93.0
3036, 89.0
3037, 92.0
3038, 87.0
3039, 93.0
3040, 90.0
3041, 94.0
3042, 90.0
3043, 88.0
3044, 85.0
3045, 97.0
3046, 94.0
3047, 89.0
3048, 95.0
3049, 90.0
3050, 91.0
3051, 89.0
3052, 91.0
3053, 90.0
3054, 88.0
3055, 86.0
3056, 89.0
3057, 92.0
3058, 94.0
3059, 89.0
3060, 93.0
3061, 88.0
3062, 88.0
3063, 90.0
3064, 88.0
3065, 88.0
3066, 90.0
3067, 92.0
3068, 91.0
3069, 94.0
3070, 92.0
3071, 94.0
3072, 91.0
3073, 92.0
3074, 92.0
3075, 90.0
3076, 90.0
3077, 88.0
3078, 85.0
3079, 89.0
3080, 88.0
3081, 91.0
3082, 92.0
3083, 87.0
3084, 91.0
3085, 94.0
3086, 92.0
3087, 94.0
3088, 85.0
3089, 91.0
3090, 92.0
3091, 87.0
3092, 92.0
3093, 92.0
3094, 89.0
3095, 93.0
3096, 86.0
3097, 92.0
3098, 94.0
3099, 92.0
3100, 93.0
3101, 95.0
3102, 92.0
3103, 92.0
3104, 93.0
3105, 90.0
3106, 87.0
3107, 88.0
3108, 92.0
3109, 90.0
3110, 93.0
3111, 89.0
3112, 90.0
3113, 93.0
3114, 89.0
3115, 84.0
3116, 88.0
3117, 94.0
3118, 92.0
3119, 88.0
3120, 87.0
3121, 92.0
3122, 89.0
3123, 88.0
3124, 88.0
3125, 87.0
3126, 89.0
3127, 89.0
3128, 89.0
3129, 92.0
3130, 93.0
3131, 93.0
3132, 94.0
3133, 91.0
3134, 90.0
3135, 89.0
3136, 88.0
3137, 93.0
3138, 92.0
3139, 89.0
3140, 91.0
3141, 90.0
3142, 87.0
3143, 89.0
3144, 86.0
3145, 92.0
3146, 90.0
3147, 86.0
3148, 87.0
3149, 93.0
3150, 91.0
3151, 88.0
3152, 95.0
3153, 94.0
3154, 91.0
3155, 92.0
3156, 89.0
3157, 90.0
3158, 87.0
3159, 92.0
3160, 92.0
3161, 88.0
3162, 92.0
3163, 89.0
3164, 87.0
3165, 91.0
3166, 88.0
3167, 92.0
3168, 86.0
3169, 92.0
3170, 90.0
3171, 90.0
3172, 91.0
3173, 92.0
3174, 89.0
3175, 92.0
3176, 91.0
3177, 85.0
3178, 93.0
3179, 93.0
3180, 92.0
3181, 93.0
3182, 88.0
3183, 94.0
3184, 94.0
3185, 89.0
3186, 92.0
3187, 92.0
3188, 93.0
3189, 90.0
3190, 87.0
3191, 94.0
3192, 90.0
3193, 91.0
3194, 92.0
3195, 93.0
3196, 87.0
3197, 94.0
3198, 94.0
3199, 89.0
3200, 92.0
3201, 91.0
3202, 91.0
3203, 90.0
3204, 88.0
3205, 93.0
3206, 91.0
3207, 87.0
3208, 87.0
3209, 93.0
3210, 91.0
3211, 89.0
3212, 92.0
3213, 89.0
3214, 93.0
3215, 93.0
3216, 93.0
3217, 86.0
3218, 91.0
3219, 97.0
3220, 93.0
3221, 91.0
3222, 93.0
3223, 94.0
3224, 95.0
3225, 89.0
3226, 87.0
3227, 93.0
3228, 92.0
3229, 85.0
3230, 89.0
3231, 90.0
3232, 94.0
3233, 91.0
3234, 91.0
3235, 95.0
3236, 90.0
3237, 90.0
3238, 91.0
3239, 89.0
3240, 90.0
3241, 95.0
3242, 91.0
3243, 93.0
3244, 94.0
3245, 91.0
3246, 94.0
3247, 90.0
3248, 89.0
3249, 93.0
3250, 92.0
3251, 92.0
3252, 91.0
3253, 91.0
3254, 87.0
3255, 92.0
3256, 82.0
3257, 90.0
3258, 92.0
3259, 92.0
3260, 95.0
3261, 83.0
3262, 93.0
3263, 89.0
3264, 90.0
3265, 94.0
3266, 90.0
3267, 96.0
3268, 91.0
3269, 87.0
3270, 93.0
3271, 88.0
3272, 91.0
3273, 91.0
3274, 97.0
3275, 90.0
3276, 90.0
3277, 91.0
3278, 87.0
3279, 90.0
3280, 89.0
3281, 91.0
3282, 88.0
3283, 93.0
3284, 85.0
3285, 90.0
3286, 91.0
3287, 94.0
3288, 95.0
3289, 87.0
3290, 92.0
3291, 91.0
3292, 91.0
3293, 90.0
3294, 88.0
3295, 93.0
3296, 93.0
3297, 84.0
3298, 91.0
3299, 91.0
3300, 87.0
3301, 90.0
3302, 87.0
3303, 92.0
3304, 88.0
3305, 92.0
3306, 86.0
3307, 92.0
3308, 93.0
3309, 94.0
3310, 88.0
3311, 91.0
3312, 92.0
3313, 93.0
3314, 93.0
3315, 90.0
3316, 92.0
3317, 96.0
3318, 88.0
3319, 86.0
3320, 86.0
3321, 88.0
3322, 97.0
3323, 87.0
3324, 91.0
3325, 95.0
3326, 89.0
3327, 88.0
3328, 94.0
3329, 88.0
3330, 93.0
3331, 89.0
3332, 92.0
3333, 89.0
3334, 90.0
3335, 94.0
3336, 88.0
3337, 87.0
3338, 88.0
3339, 89.0
3340, 90.0
3341, 92.0
3342, 89.0
3343, 90.0
3344, 89.0
3345, 90.0
3346, 88.0
3347, 96.0
3348, 90.0
3349, 90.0
3350, 89.0
3351, 92.0
3352, 92.0
3353, 91.0
3354, 89.0
3355, 89.0
3356, 95.0
3357, 88.0
3358, 85.0
3359, 89.0
3360, 92.0
3361, 94.0
3362, 89.0
3363, 93.0
3364, 86.0
3365, 87.0
3366, 94.0
3367, 93.0
3368, 90.0
3369, 89.0
3370, 95.0
3371, 87.0
3372, 89.0
3373, 91.0
3374, 92.0
3375, 88.0
3376, 90.0
3377, 92.0
3378, 89.0
3379, 86.0
3380, 92.0
3381, 94.0
3382, 91.0
3383, 91.0
3384, 90.0
3385, 94.0
3386, 90.0
3387, 92.0
3388, 90.0
3389, 92.0
3390, 89.0
3391, 89.0
3392, 89.0
3393, 89.0
3394, 86.0
3395, 89.0
3396, 88.0
3397, 90.0
3398, 90.0
3399, 92.0
3400, 95.0
3401, 89.0
3402, 90.0
3403, 94.0
3404, 92.0
3405, 94.0
3406, 93.0
3407, 92.0
3408, 89.0
3409, 92.0
3410, 87.0
3411, 89.0
3412, 91.0
3413, 90.0
3414, 88.0
3415, 96.0
3416, 88.0
3417, 91.0
3418, 90.0
3419, 90.0
3420, 93.0
3421, 92.0
3422, 90.0
3423, 91.0
3424, 90.0
3425, 92.0
3426, 92.0
3427, 93.0
3428, 91.0
3429, 91.0
3430, 91.0
3431, 90.0
3432, 87.0
3433, 93.0
3434, 89.0
3435, 87.0
3436, 87.0
3437, 92.0
3438, 87.0
3439, 90.0
3440, 89.0
3441, 92.0
3442, 90.0
3443, 93.0
3444, 85.0
3445, 86.0
3446, 92.0
3447, 91.0
3448, 93.0
3449, 89.0
3450, 94.0
3451, 93.0
3452, 92.0
3453, 84.0
3454, 93.0
3455, 93.0
3456, 93.0
3457, 89.0
3458, 89.0
3459, 87.0
3460, 95.0
3461, 91.0
3462, 91.0
3463, 92.0
3464, 95.0
3465, 95.0
3466, 90.0
3467, 88.0
3468, 98.0
3469, 88.0
3470, 92.0
3471, 88.0
3472, 90.0
3473, 89.0
3474, 93.0
3475, 90.0
3476, 91.0
3477, 90.0
3478, 91.0
3479, 89.0
3480, 93.0
3481, 95.0
3482, 93.0
3483, 93.0
3484, 89.0
3485, 92.0
3486, 90.0
3487, 90.0
3488, 94.0
3489, 89.0
3490, 88.0
3491, 93.0
3492, 92.0
3493, 88.0
3494, 90.0
3495, 91.0
3496, 90.0
3497, 91.0
3498, 84.0
3499, 90.0
3500, 97.0
3501, 88.0
3502, 94.0
3503, 96.0
3504, 89.0
3505, 93.0
3506, 92.0
3507, 88.0
3508, 92.0
3509, 85.0
3510, 93.0
3511, 94.0
3512, 91.0
3513, 89.0
3514, 96.0
3515, 91.0
3516, 90.0
3517, 90.0
3518, 86.0
3519, 88.0
3520, 89.0
3521, 89.0
3522, 88.0
3523, 87.0
3524, 92.0
3525, 92.0
3526, 89.0
3527, 89.0
3528, 93.0
3529, 89.0
3530, 91.0
3531, 94.0
3532, 92.0
3533, 90.0
3534, 89.0
3535, 90.0
3536, 92.0
3537, 88.0
3538, 94.0
3539, 91.0
3540, 92.0
3541, 89.0
3542, 91.0
3543, 92.0
3544, 91.0
3545, 90.0
3546, 89.0
3547, 92.0
3548, 89.0
3549, 94.0
3550, 89.0
3551, 88.0
3552, 90.0
3553, 91.0
3554, 93.0
3555, 89.0
3556, 93.0
3557, 86.0
3558, 90.0
3559, 89.0
3560, 93.0
3561, 88.0
3562, 91.0
3563, 92.0
3564, 87.0
3565, 89.0
3566, 93.0
3567, 91.0
3568, 93.0
3569, 95.0
3570, 91.0
3571, 91.0
3572, 88.0
3573, 86.0
3574, 93.0
3575, 90.0
3576, 91.0
3577, 90.0
3578, 88.0
3579, 88.0
3580, 92.0
3581, 89.0
3582, 91.0
3583, 90.0
3584, 91.0
3585, 93.0
3586, 90.0
3587, 89.0
3588, 91.0
3589, 92.0
3590, 88.0
3591, 92.0
3592, 93.0
3593, 94.0
3594, 92.0
3595, 92.0
3596, 91.0
3597, 88.0
3598, 90.0
3599, 91.0
3600, 91.0
3601, 93.0
3602, 90.0
3603, 89.0
3604, 90.0
3605, 89.0
3606, 91.0
3607, 92.0
3608, 93.0
3609, 94.0
3610, 92.0
3611, 93.0
3612, 93.0
3613, 90.0
3614, 91.0
3615, 90.0
3616, 88.0
3617, 89.0
3618, 92.0
3619, 89.0
3620, 94.0
3621, 89.0
3622, 89.0
3623, 94.0
3624, 89.0
3625, 89.0
3626, 90.0
3627, 91.0
3628, 91.0
3629, 91.0
3630, 91.0
3631, 89.0
3632, 90.0
3633, 90.0
3634, 89.0
3635, 89.0
3636, 92.0
3637, 91.0
3638, 90.0
3639, 92.0
3640, 88.0
3641, 91.0
3642, 93.0
3643, 90.0
3644, 93.0
3645, 84.0
3646, 93.0
3647,  1.0

