Single
3648
Scan 0,   
0, 94.0
1, 92.0
2, 91.0
3, 94.0
4, 89.0
5, 90.0
6, 95.0
7, 95.0
8, 98.0
9, 92.0
10, 96.0
11, 88.0
12, 89.0
13, 94.0
14, 89.0
15, 89.0
16, 94.0
17, 92.0
18, 93.0
19, 95.0
20, 93.0
21, 94.0
22, 87.0
23, 88.0
24, 96.0
25, 95.0
26, 95.0
27, 93.0
28, 97.0
29, 93.0
30, 93.0
31, 95.0
32, 95.0
33, 93.0
34, 92.0
35, 89.0
36, 90.0
37, 94.0
38, 91.0
39, 95.0
40, 88.0
41, 92.0
42, 91.0
43, 90.0
44, 92.0
45, 92.0
46, 90.0
47, 95.0
48, 88.0
49, 90.0
50, 90.0
51, 93.0
52, 94.0
53, 93.0
54, 96.0
55, 88.0
56, 91.0
57, 94.0
58, 88.0
59, 93.0
60, 94.0
61, 97.0
62, 93.0
63, 95.0
64, 90.0
65, 90.0
66, 92.0
67, 92.0
68, 93.0
69, 89.0
70, 94.0
71, 90.0
72, 93.0
73, 95.0
74, 90.0
75, 91.0
76, 94.0
77, 89.0
78, 92.0
79, 92.0
80, 91.0
81, 93.0
82, 95.0
83, 91.0
84, 94.0
85, 90.0
86, 91.0
87, 91.0
88, 90.0
89, 91.0
90, 95.0
91, 93.0
92, 92.0
93, 95.0
94, 94.0
95, 93.0
96, 92.0
97, 92.0
98, 98.0
99, 93.0
100, 88.0
101, 94.0
102, 93.0
103, 92.0
104, 91.0
105, 89.0
106, 94.0
107, 96.0
108, 91.0
109, 92.0
110, 90.0
111, 86.0
112, 95.0
113, 92.0
114, 89.0
115, 92.0
116, 94.0
117, 93.0
118, 94.0
119, 91.0
120, 90.0
121, 94.0
122, 91.0
123, 95.0
124, 90.0
125, 91.0
126, 87.0
127, 90.0
128, 88.0
129, 91.0
130, 90.0
131, 92.0
132, 90.0
133, 92.0
134, 92.0
135, 96.0
136, 94.0
137, 94.0
138, 93.0
139, 94.0
140, 98.0
141, 89.0
142, 94.0
143, 90.0
144, 94.0
145, 89.0
146, 86.0
147, 90.0
148, 94.0
149, 93.0
150, 89.0
151, 91.0
152, 95.0
153, 93.0
154, 92.0
155, 93.0
156, 90.0
157, 91.0
158, 92.0
159, 95.0
160, 93.0
161, 92.0
162, 85.0
163, 92.0
164, 95.0
165, 90.0
166, 92.0
167, 95.0
168, 90.0
169, 92.0
170, 89.0
171, 94.0
172, 93.0
173, 92.0
174, 91.0
175, 99.0
176, 98.0
177, 90.0
178, 95.0
179, 90.0
180, 91.0
181, 93.0
182, 90.0
183, 93.0
184, 94.0
185, 90.0
186, 92.0
187, 92.0
188, 90.0
189, 91.0
190, 91.0
191, 92.0
192, 94.0
193, 93.0
194, 90.0
195, 93.0
196, 90.0
197, 92.0
198, 94.0
199, 92.0
200, 91.0
201, 91.0
202, 92.0
203, 91.0
204, 95.0
205, 91.0
206, 95.0
207, 94.0
208, 91.0
209, 88.0
210, 92.0
211, 90.0
212, 91.0
213, 91.0
214, 89.0
215, 95.0
216, 91.0
217, 95.0
218, 93.0
219, 94.0
220, 92.0
221, 92.0
222, 91.0
223, 92.0
224, 92.0
225, 88.0
226, 93.0
227, 93.0
228, 95.0
229, 93.0
230, 87.0
231, 91.0
232, 88.0
233, 91.0
234, 92.0
235, 92.0
236, 93.0
237, 94.0
238, 87.0
239, 93.0
240, 92.0
241, 91.0
242, 92.0
243, 94.0
244, 92.0
245, 96.0
246, 91.0
247, 95.0
248, 97.0
249, 88.0
250, 90.0
251, 92.0
252, 95.0
253, 91.0
254, 89.0
255, 92.0
256, 92.0
257, 90.0
258, 95.0
259, 90.0
260, 90.0
261, 90.0
262, 94.0
263, 92.0
264, 91.0
265, 89.0
266, 92.0
267, 88.0
268, 94.0
269, 91.0
270, 92.0
271, 95.0
272, 99.0
273, 91.0
274, 91.0
275, 94.0
276, 90.0
277, 90.0
278, 88.0
279, 91.0
280, 90.0
281, 95.0
282, 88.0
283, 90.0
284, 91.0
285, 93.0
286, 89.0
287, 90.0
288, 86.0
289, 91.0
290, 96.0
291, 91.0
292, 98.0
293, 90.0
294, 91.0
295, 92.0
296, 89.0
297, 88.0
298, 89.0
299, 92.0
300, 93.0
301, 92.0
302, 96.0
303, 95.0
304, 94.0
305, 92.0
306, 90.0
307, 93.0
308, 94.0
309, 90.0
310, 95.0
311, 91.0
312, 87.0
313, 88.0
314, 92.0
315, 95.0
316, 91.0
317, 88.0
318, 89.0
319, 93.0
320, 95.0
321, 97.0
322, 94.0
323, 92.0
324, 93.0
325, 87.0
326, 90.0
327, 92.0
328, 91.0
329, 89.0
330, 91.0
331, 91.0
332, 92.0
333, 90.0
334, 94.0
335, 88.0
336, 92.0
337, 95.0
338, 91.0
339, 96.0
340, 93.0
341, 94.0
342, 90.0
343, 91.0
344, 90.0
345, 93.0
346, 87.0
347, 95.0
348, 89.0
349, 94.0
350, 92.0
351, 92.0
352, 91.0
353, 95.0
354, 95.0
355, 93.0
356, 92.0
357, 89.0
358, 91.0
359, 96.0
360, 89.0
361, 95.0
362, 93.0
363, 90.0
364, 94.0
365, 88.0
366, 94.0
367, 92.0
368, 90.0
369, 93.0
370, 95.0
371, 89.0
372, 95.0
373, 90.0
374, 94.0
375, 91.0
376, 90.0
377, 96.0
378, 90.0
379, 93.0
380, 93.0
381, 88.0
382, 92.0
383, 92.0
384, 91.0
385, 94.0
386, 96.0
387, 91.0
388, 91.0
389, 89.0
390, 89.0
391, 88.0
392, 95.0
393, 94.0
394, 91.0
395, 92.0
396, 94.0
397, 89.0
398, 88.0
399, 92.0
400, 90.0
401, 92.0
402, 92.0
403, 91.0
404, 92.0
405, 92.0
406, 94.0
407, 92.0
408, 88.0
409, 94.0
410, 92.0
411, 90.0
412, 89.0
413, 91.0
414, 92.0
415, 94.0
416, 89.0
417, 89.0
418, 90.0
419, 91.0
420, 90.0
421, 96.0
422, 87.0
423, 93.0
424, 93.0
425, 94.0
426, 93.0
427, 89.0
428, 90.0
429, 91.0
430, 89.0
431, 92.0
432, 93.0
433, 91.0
434, 88.0
435, 91.0
436, 96.0
437, 90.0
438, 90.0
439, 91.0
440, 89.0
441, 95.0
442, 93.0
443, 87.0
444, 89.0
445, 93.0
446, 90.0
447, 94.0
448, 93.0
449, 91.0
450, 92.0
451, 91.0
452, 93.0
453, 95.0
454, 90.0
455, 91.0
456, 87.0
457, 95.0
458, 92.0
459, 95.0
460, 95.0
461, 93.0
462, 91.0
463, 96.0
464, 93.0
465, 93.0
466, 93.0
467, 90.0
468, 97.0
469, 93.0
470, 96.0
471, 89.0
472, 88.0
473, 94.0
474, 95.0
475, 93.0
476, 93.0
477, 89.0
478, 92.0
479, 89.0
480, 90.0
481, 88.0
482, 96.0
483, 91.0
484, 89.0
485, 92.0
486, 92.0
487, 89.0
488, 96.0
489, 91.0
490, 94.0
491, 92.0
492, 92.0
493, 92.0
494, 94.0
495, 89.0
496, 87.0
497, 93.0
498, 89.0
499, 93.0
500, 90.0
501, 97.0
502, 89.0
503, 97.0
504, 95.0
505, 91.0
506, 88.0
507, 90.0
508, 90.0
509, 93.0
510, 91.0
511, 91.0
512, 90.0
513, 93.0
514, 93.0
515, 94.0
516, 92.0
517, 92.0
518, 92.0
519, 88.0
520, 90.0
521, 90.0
522, 86.0
523, 92.0
524, 93.0
525, 90.0
526, 93.0
527, 92.0
528, 91.0
529, 90.0
530, 89.0
531, 93.0
532, 91.0
533, 94.0
534, 90.0
535, 92.0
536, 92.0
537, 88.0
538, 94.0
539, 88.0
540, 87.0
541, 88.0
542, 87.0
543, 92.0
544, 95.0
545, 91.0
546, 94.0
547, 89.0
548, 92.0
549, 88.0
550, 96.0
551, 89.0
552, 88.0
553, 88.0
554, 94.0
555, 89.0
556, 97.0
557, 95.0
558, 96.0
559, 89.0
560, 92.0
561, 94.0
562, 94.0
563, 93.0
564, 93.0
565, 99.0
566, 95.0
567, 90.0
568, 94.0
569, 93.0
570, 90.0
571, 86.0
572, 94.0
573, 98.0
574, 93.0
575, 90.0
576, 94.0
577, 95.0
578, 94.0
579, 92.0
580, 95.0
581, 95.0
582, 90.0
583, 94.0
584, 91.0
585, 90.0
586, 94.0
587, 95.0
588, 94.0
589, 92.0
590, 95.0
591, 94.0
592, 95.0
593, 93.0
594, 92.0
595, 95.0
596, 94.0
597, 96.0
598, 94.0
599, 95.0
600, 89.0
601, 91.0
602, 94.0
603, 92.0
604, 94.0
605, 90.0
606, 94.0
607, 89.0
608, 91.0
609, 90.0
610, 96.0
611, 92.0
612, 94.0
613, 98.0
614, 91.0
615, 98.0
616, 95.0
617, 92.0
618, 94.0
619, 94.0
620, 92.0
621, 92.0
622, 90.0
623, 93.0
624, 93.0
625, 92.0
626, 90.0
627, 94.0
628, 92.0
629, 92.0
630, 90.0
631, 95.0
632, 89.0
633, 89.0
634, 92.0
635, 93.0
636, 89.0
637, 91.0
638, 93.0
639, 94.0
640, 86.0
641, 93.0
642, 94.0
643, 94.0
644, 94.0
645, 91.0
646, 93.0
647, 90.0
648, 91.0
649, 93.0
650, 91.0
651, 91.0
652, 90.0
653, 92.0
654, 91.0
655, 93.0
656, 92.0
657, 93.0
658, 90.0
659, 93.0
660, 92.0
661, 91.0
662, 92.0
663, 93.0
664, 92.0
665, 95.0
666, 93.0
667, 91.0
668, 95.0
669, 93.0
670, 94.0
671, 92.0
672, 95.0
673, 91.0
674, 91.0
675, 88.0
676, 95.0
677, 96.0
678, 96.0
679, 89.0
680, 94.0
681, 94.0
682, 87.0
683, 90.0
684, 91.0
685, 89.0
686, 92.0
687, 92.0
688, 95.0
689, 89.0
690, 95.0
691, 94.0
692, 89.0
693, 96.0
694, 89.0
695, 92.0
696, 89.0
697, 94.0
698, 92.0
699, 91.0
700, 91.0
701, 96.0
702, 92.0
703, 88.0
704, 93.0
705, 94.0
706, 94.0
707, 94.0
708, 90.0
709, 93.0
710, 92.0
711, 94.0
712, 91.0
713, 96.0
714, 91.0
715, 95.0
716, 89.0
717, 94.0
718, 93.0
719, 91.0
720, 91.0
721, 94.0
722, 93.0
723, 94.0
724, 90.0
725, 95.0
726, 93.0
727, 94.0
728, 93.0
729, 95.0
730, 94.0
731, 97.0
732, 92.0
733, 88.0
734, 91.0
735, 92.0
736, 92.0
737, 86.0
738, 95.0
739, 90.0
740, 91.0
741, 91.0
742, 86.0
743, 94.0
744, 91.0
745, 89.0
746, 87.0
747, 90.0
748, 94.0
749, 94.0
750, 89.0
751, 93.0
752, 91.0
753, 90.0
754, 96.0
755, 94.0
756, 95.0
757, 93.0
758, 88.0
759, 92.0
760, 92.0
761, 89.0
762, 90.0
763, 92.0
764, 94.0
765, 91.0
766, 93.0
767, 89.0
768, 90.0
769, 90.0
770, 89.0
771, 92.0
772, 94.0
773, 90.0
774, 96.0
775, 91.0
776, 94.0
777, 93.0
778, 94.0
779, 92.0
780, 94.0
781, 90.0
782, 88.0
783, 90.0
784, 93.0
785, 94.0
786, 92.0
787, 91.0
788, 92.0
789, 92.0
790, 90.0
791, 92.0
792, 93.0
793, 95.0
794, 90.0
795, 94.0
796, 95.0
797, 96.0
798, 94.0
799, 94.0
800, 91.0
801, 94.0
802, 89.0
803, 95.0
804, 92.0
805, 91.0
806, 91.0
807, 92.0
808, 95.0
809, 94.0
810, 94.0
811, 93.0
812, 94.0
813, 91.0
814, 90.0
815, 92.0
816, 92.0
817, 87.0
818, 89.0
819, 93.0
820, 90.0
821, 92.0
822, 90.0
823, 92.0
824, 90.0
825, 96.0
826, 92.0
827, 92.0
828, 91.0
829, 90.0
830, 93.0
831, 88.0
832, 91.0
833, 94.0
834, 88.0
835, 93.0
836, 95.0
837, 93.0
838, 98.0
839, 91.0
840, 91.0
841, 93.0
842, 96.0
843, 92.0
844, 91.0
845, 92.0
846, 93.0
847, 94.0
848, 89.0
849, 90.0
850, 93.0
851, 94.0
852, 92.0
853, 90.0
854, 90.0
855, 88.0
856, 89.0
857, 91.0
858, 92.0
859, 90.0
860, 91.0
861, 91.0
862, 88.0
863, 96.0
864, 90.0
865, 92.0
866, 91.0
867, 92.0
868, 89.0
869, 92.0
870, 89.0
871, 96.0
872, 92.0
873, 92.0
874, 91.0
875, 94.0
876, 95.0
877, 94.0
878, 88.0
879, 92.0
880, 90.0
881, 91.0
882, 93.0
883, 89.0
884, 92.0
885, 93.0
886, 93.0
887, 93.0
888, 86.0
889, 87.0
890, 89.0
891, 84.0
892, 89.0
893, 87.0
894, 96.0
895, 90.0
896, 90.0
897, 92.0
898, 92.0
899, 92.0
900, 97.0
901, 88.0
902, 94.0
903, 90.0
904, 93.0
905, 96.0
906, 94.0
907, 92.0
908, 97.0
909, 86.0
910, 92.0
911, 90.0
912, 92.0
913, 91.0
914, 89.0
915, 90.0
916, 92.0
917, 89.0
918, 94.0
919, 93.0
920, 92.0
921, 93.0
922, 93.0
923, 93.0
924, 93.0
925, 90.0
926, 91.0
927, 94.0
928, 93.0
929, 91.0
930, 93.0
931, 94.0
932, 94.0
933, 88.0
934, 92.0
935, 90.0
936, 91.0
937, 89.0
938, 91.0
939, 93.0
940, 89.0
941, 89.0
942, 95.0
943, 91.0
944, 90.0
945, 92.0
946, 93.0
947, 92.0
948, 91.0
949, 91.0
950, 97.0
951, 93.0
952, 92.0
953, 95.0
954, 95.0
955, 96.0
956, 92.0
957, 92.0
958, 91.0
959, 97.0
960, 94.0
961, 88.0
962, 88.0
963, 92.0
964, 95.0
965, 94.0
966, 90.0
967, 89.0
968, 99.0
969, 92.0
970, 93.0
971, 91.0
972, 91.0
973, 90.0
974, 95.0
975, 92.0
976, 88.0
977, 95.0
978, 92.0
979, 87.0
980, 90.0
981, 90.0
982, 94.0
983, 89.0
984, 95.0
985, 96.0
986, 91.0
987, 95.0
988, 94.0
989, 92.0
990, 94.0
991, 92.0
992, 93.0
993, 94.0
994, 91.0
995, 89.0
996, 94.0
997, 89.0
998, 92.0
999, 88.0
1000, 89.0
1001, 91.0
1002, 92.0
1003, 87.0
1004, 94.0
1005, 95.0
1006, 94.0
1007, 91.0
1008, 94.0
1009, 91.0
1010, 95.0
1011, 93.0
1012, 90.0
1013, 92.0
1014, 92.0
1015, 90.0
1016, 91.0
1017, 87.0
1018, 93.0
1019, 95.0
1020, 88.0
1021, 87.0
1022, 86.0
1023, 90.0
1024, 91.0
1025, 89.0
1026, 93.0
1027, 90.0
1028, 91.0
1029, 89.0
1030, 92.0
1031, 92.0
1032, 92.0
1033, 92.0
1034, 93.0
1035, 93.0
1036, 93.0
1037, 93.0
1038, 85.0
1039, 88.0
1040, 92.0
1041, 89.0
1042, 91.0
1043, 93.0
1044, 98.0
1045, 89.0
1046, 91.0
1047, 95.0
1048, 90.0
1049, 89.0
1050, 85.0
1051, 93.0
1052, 94.0
1053, 88.0
1054, 93.0
1055, 92.0
1056, 98.0
1057, 95.0
1058, 91.0
1059, 94.0
1060, 93.0
1061, 94.0
1062, 90.0
1063, 89.0
1064, 98.0
1065, 88.0
1066, 94.0
1067, 93.0
1068, 93.0
1069, 90.0
1070, 89.0
1071, 92.0
1072, 91.0
1073, 95.0
1074, 91.0
1075, 90.0
1076, 87.0
1077, 88.0
1078, 86.0
1079, 93.0
1080, 88.0
1081, 94.0
1082, 95.0
1083, 91.0
1084, 93.0
1085, 89.0
1086, 90.0
1087, 93.0
1088, 92.0
1089, 92.0
1090, 88.0
1091, 92.0
1092, 88.0
1093, 95.0
1094, 90.0
1095, 93.0
1096, 90.0
1097, 90.0
1098, 89.0
1099, 91.0
1100, 94.0
1101, 90.0
1102, 90.0
1103, 90.0
1104, 88.0
1105, 90.0
1106, 95.0
1107, 93.0
1108, 91.0
1109, 94.0
1110, 90.0
1111, 90.0
1112, 91.0
1113, 89.0
1114, 91.0
1115, 95.0
1116, 93.0
1117, 89.0
1118, 91.0
1119, 90.0
1120, 90.0
1121, 88.0
1122, 93.0
1123, 89.0
1124, 91.0
1125, 92.0
1126, 93.0
1127, 93.0
1128, 93.0
1129, 90.0
1130, 91.0
1131, 94.0
1132, 92.0
1133, 93.0
1134, 93.0
1135, 89.0
1136, 89.0
1137, 95.0
1138, 91.0
1139, 92.0
1140, 90.0
1141, 95.0
1142, 92.0
1143, 90.0
1144, 89.0
1145, 95.0
1146, 90.0
1147, 86.0
1148, 91.0
1149, 90.0
1150, 87.0
1151, 93.0
1152, 93.0
1153, 92.0
1154, 90.0
1155, 90.0
1156, 93.0
1157, 89.0
1158, 93.0
1159, 90.0
1160, 95.0
1161, 94.0
1162, 90.0
1163, 91.0
1164, 93.0
1165, 95.0
1166, 94.0
1167, 87.0
1168, 91.0
1169, 90.0
1170, 93.0
1171, 93.0
1172, 95.0
1173, 94.0
1174, 93.0
1175, 91.0
1176, 94.0
1177, 94.0
1178, 89.0
1179, 89.0
1180, 94.0
1181, 93.0
1182, 84.0
1183, 89.0
1184, 90.0
1185, 89.0
1186, 90.0
1187, 90.0
1188, 88.0
1189, 93.0
1190, 92.0
1191, 91.0
1192, 92.0
1193, 89.0
1194, 92.0
1195, 95.0
1196, 91.0
1197, 95.0
1198, 87.0
1199, 90.0
1200, 86.0
1201, 89.0
1202, 92.0
1203, 90.0
1204, 90.0
1205, 86.0
1206, 94.0
1207, 89.0
1208, 92.0
1209, 93.0
1210, 89.0
1211, 86.0
1212, 93.0
1213, 91.0
1214, 89.0
1215, 90.0
1216, 90.0
1217, 89.0
1218, 92.0
1219, 91.0
1220, 89.0
1221, 88.0
1222, 94.0
1223, 91.0
1224, 89.0
1225, 89.0
1226, 92.0
1227, 92.0
1228, 92.0
1229, 93.0
1230, 90.0
1231, 90.0
1232, 88.0
1233, 95.0
1234, 93.0
1235, 92.0
1236, 89.0
1237, 93.0
1238, 88.0
1239, 91.0
1240, 91.0
1241, 88.0
1242, 91.0
1243, 92.0
1244, 91.0
1245, 87.0
1246, 93.0
1247, 89.0
1248, 90.0
1249, 89.0
1250, 88.0
1251, 93.0
1252, 91.0
1253, 86.0
1254, 91.0
1255, 94.0
1256, 95.0
1257, 88.0
1258, 94.0
1259, 94.0
1260, 97.0
1261, 90.0
1262, 95.0
1263, 88.0
1264, 87.0
1265, 90.0
1266, 93.0
1267, 92.0
1268, 91.0
1269, 90.0
1270, 93.0
1271, 92.0
1272, 88.0
1273, 93.0
1274, 94.0
1275, 88.0
1276, 92.0
1277, 87.0
1278, 91.0
1279, 92.0
1280, 95.0
1281, 93.0
1282, 95.0
1283, 91.0
1284, 90.0
1285, 92.0
1286, 93.0
1287, 89.0
1288, 89.0
1289, 91.0
1290, 91.0
1291, 90.0
1292, 89.0
1293, 94.0
1294, 91.0
1295, 89.0
1296, 89.0
1297, 90.0
1298, 92.0
1299, 94.0
1300, 87.0
1301, 90.0
1302, 94.0
1303, 89.0
1304, 91.0
1305, 90.0
1306, 90.0
1307, 92.0
1308, 97.0
1309, 89.0
1310, 93.0
1311, 95.0
1312, 91.0
1313, 87.0
1314, 90.0
1315, 88.0
1316, 90.0
1317, 90.0
1318, 91.0
1319, 93.0
1320, 92.0
1321, 91.0
1322, 91.0
1323, 93.0
1324, 89.0
1325, 91.0
1326, 93.0
1327, 90.0
1328, 89.0
1329, 89.0
1330, 90.0
1331, 90.0
1332, 94.0
1333, 93.0
1334, 88.0
1335, 89.0
1336, 93.0
1337, 88.0
1338, 94.0
1339, 93.0
1340, 91.0
1341, 92.0
1342, 88.0
1343, 93.0
1344, 95.0
1345, 87.0
1346, 91.0
1347, 92.0
1348, 92.0
1349, 86.0
1350, 89.0
1351, 96.0
1352, 92.0
1353, 89.0
1354, 87.0
1355, 90.0
1356, 86.0
1357, 89.0
1358, 90.0
1359, 88.0
1360, 93.0
1361, 94.0
1362, 91.0
1363, 91.0
1364, 96.0
1365, 88.0
1366, 94.0
1367, 96.0
1368, 91.0
1369, 89.0
1370, 93.0
1371, 89.0
1372, 88.0
1373, 91.0
1374, 95.0
1375, 92.0
1376, 86.0
1377, 86.0
1378, 93.0
1379, 94.0
1380, 94.0
1381, 91.0
1382, 94.0
1383, 94.0
1384, 89.0
1385, 91.0
1386, 94.0
1387, 90.0
1388, 91.0
1389, 89.0
1390, 95.0
1391, 92.0
1392, 95.0
1393, 93.0
1394, 92.0
1395, 88.0
1396, 96.0
1397, 88.0
1398, 94.0
1399, 91.0
1400, 88.0
1401, 89.0
1402, 91.0
1403, 90.0
1404, 95.0
1405, 95.0
1406, 95.0
1407, 87.0
1408, 95.0
1409, 89.0
1410, 91.0
1411, 90.0
1412, 92.0
1413, 88.0
1414, 90.0
1415, 91.0
1416, 89.0
1417, 91.0
1418, 89.0
1419, 92.0
1420, 92.0
1421, 87.0
1422, 91.0
1423, 92.0
1424, 91.0
1425, 90.0
1426, 91.0
1427, 90.0
1428, 93.0
1429, 87.0
1430, 93.0
1431, 95.0
1432, 90.0
1433, 88.0
1434, 92.0
1435, 90.0
1436, 90.0
1437, 90.0
1438, 90.0
1439, 89.0
1440, 90.0
1441, 89.0
1442, 97.0
1443, 94.0
1444, 94.0
1445, 86.0
1446, 91.0
1447, 96.0
1448, 92.0
1449, 89.0
1450, 94.0
1451, 94.0
1452, 93.0
1453, 91.0
1454, 93.0
1455, 91.0
1456, 86.0
1457, 92.0
1458, 89.0
1459, 89.0
1460, 90.0
1461, 89.0
1462, 90.0
1463, 93.0
1464, 93.0
1465, 87.0
1466, 93.0
1467, 88.0
1468, 96.0
1469, 89.0
1470, 89.0
1471, 90.0
1472, 95.0
1473, 92.0
1474, 92.0
1475, 88.0
1476, 92.0
1477, 91.0
1478, 91.0
1479, 89.0
1480, 93.0
1481, 95.0
1482, 89.0
1483, 92.0
1484, 88.0
1485, 94.0
1486, 90.0
1487, 91.0
1488, 93.0
1489, 89.0
1490, 86.0
1491, 90.0
1492, 93.0
1493, 93.0
1494, 94.0
1495, 90.0
1496, 90.0
1497, 92.0
1498, 95.0
1499, 92.0
1500, 95.0
1501, 86.0
1502, 92.0
1503, 91.0
1504, 94.0
1505, 90.0
1506, 91.0
1507, 87.0
1508, 88.0
1509, 92.0
1510, 89.0
1511, 89.0
1512, 86.0
1513, 90.0
1514, 96.0
1515, 92.0
1516, 93.0
1517, 93.0
1518, 87.0
1519, 91.0
1520, 89.0
1521, 91.0
1522, 90.0
1523, 92.0
1524, 90.0
1525, 91.0
1526, 89.0
1527, 92.0
1528, 93.0
1529, 89.0
1530, 95.0
1531, 90.0
1532, 91.0
1533, 88.0
1534, 87.0
1535, 90.0
1536, 86.0
1537, 93.0
1538, 90.0
1539, 87.0
1540, 93.0
1541, 96.0
1542, 94.0
1543, 88.0
1544, 90.0
1545, 90.0
1546, 89.0
1547, 90.0
1548, 93.0
1549, 95.0
1550, 88.0
1551, 90.0
1552, 96.0
1553, 92.0
1554, 90.0
1555, 90.0
1556, 90.0
1557, 89.0
1558, 88.0
1559, 95.0
1560, 92.0
1561, 93.0
1562, 90.0
1563, 88.0
1564, 90.0
1565, 90.0
1566, 89.0
1567, 94.0
1568, 94.0
1569, 91.0
1570, 94.0
1571, 90.0
1572, 93.0
1573, 88.0
1574, 90.0
1575, 90.0
1576, 88.0
1577, 90.0
1578, 95.0
1579, 92.0
1580, 93.0
1581, 90.0
1582, 93.0
1583, 92.0
1584, 89.0
1585, 90.0
1586, 96.0
1587, 91.0
1588, 91.0
1589, 89.0
1590, 91.0
1591, 92.0
1592, 89.0
1593, 93.0
1594, 91.0
1595, 90.0
1596, 90.0
1597, 95.0
1598, 90.0
1599, 91.0
1600, 92.0
1601, 89.0
1602, 92.0
1603, 91.0
1604, 90.0
1605, 88.0
1606, 96.0
1607, 86.0
1608, 92.0
1609, 95.0
1610, 93.0
1611, 90.0
1612, 94.0
1613, 94.0
1614, 92.0
1615, 90.0
1616, 88.0
1617, 94.0
1618, 90.0
1619, 92.0
1620, 90.0
1621, 92.0
1622, 91.0
1623, 92.0
1624, 87.0
1625, 92.0
1626, 91.0
1627, 95.0
1628, 92.0
1629, 85.0
1630, 87.0
1631, 92.0
1632, 95.0
1633, 90.0
1634, 92.0
1635, 91.0
1636, 88.0
1637, 90.0
1638, 93.0
1639, 89.0
1640, 89.0
1641, 90.0
1642, 92.0
1643, 92.0
1644, 89.0
1645, 89.0
1646, 92.0
1647, 92.0
1648, 89.0
1649, 88.0
1650, 87.0
1651, 93.0
1652, 90.0
1653, 92.0
1654, 91.0
1655, 95.0
1656, 94.0
1657, 89.0
1658, 88.0
1659, 95.0
1660, 91.0
1661, 93.0
1662, 90.0
1663, 90.0
1664, 88.0
1665, 92.0
1666, 96.0
1667, 88.0
1668, 87.0
1669, 91.0
1670, 89.0
1671, 90.0
1672, 87.0
1673, 93.0
1674, 93.0
1675, 88.0
1676, 91.0
1677, 89.0
1678, 90.0
1679, 94.0
1680, 86.0
1681, 95.0
1682, 93.0
1683, 94.0
1684, 90.0
1685, 90.0
1686, 93.0
1687, 94.0
1688, 87.0
1689, 92.0
1690, 95.0
1691, 92.0
1692, 90.0
1693, 94.0
1694, 93.0
1695, 96.0
1696, 89.0
1697, 95.0
1698, 88.0
1699, 92.0
1700, 91.0
1701, 92.0
1702, 89.0
1703, 91.0
1704, 86.0
1705, 97.0
1706, 92.0
1707, 95.0
1708, 90.0
1709, 90.0
1710, 92.0
1711, 90.0
1712, 92.0
1713, 89.0
1714, 92.0
1715, 90.0
1716, 92.0
1717, 88.0
1718, 88.0
1719, 90.0
1720, 90.0
1721, 91.0
1722, 95.0
1723, 93.0
1724, 90.0
1725, 87.0
1726, 92.0
1727, 87.0
1728, 85.0
1729, 94.0
1730, 93.0
1731, 96.0
1732, 90.0
1733, 91.0
1734, 94.0
1735, 91.0
1736, 95.0
1737, 90.0
1738, 87.0
1739, 91.0
1740, 96.0
1741, 91.0
1742, 87.0
1743, 96.0
1744, 92.0
1745, 87.0
1746, 88.0
1747, 91.0
1748, 94.0
1749, 90.0
1750, 90.0
1751, 92.0
1752, 90.0
1753, 88.0
1754, 93.0
1755, 94.0
1756, 88.0
1757, 96.0
1758, 93.0
1759,101.0
1760, 96.0
1761, 92.0
1762, 90.0
1763, 92.0
1764, 90.0
1765, 90.0
1766, 93.0
1767, 86.0
1768, 95.0
1769, 93.0
1770, 88.0
1771, 90.0
1772, 90.0
1773, 91.0
1774, 91.0
1775, 91.0
1776, 88.0
1777, 89.0
1778, 95.0
1779, 92.0
1780, 93.0
1781, 92.0
1782, 90.0
1783, 93.0
1784, 92.0
1785, 88.0
1786, 95.0
1787, 91.0
1788, 87.0
1789, 90.0
1790, 91.0
1791, 92.0
1792, 91.0
1793, 93.0
1794, 91.0
1795, 91.0
1796, 92.0
1797, 90.0
1798, 89.0
1799, 92.0
1800, 93.0
1801, 94.0
1802, 91.0
1803, 95.0
1804, 96.0
1805, 94.0
1806, 88.0
1807, 88.0
1808, 95.0
1809, 95.0
1810, 97.0
1811, 90.0
1812, 93.0
1813, 96.0
1814, 96.0
1815, 94.0
1816, 93.0
1817, 91.0
1818, 93.0
1819, 89.0
1820, 94.0
1821, 94.0
1822, 92.0
1823, 90.0
1824, 89.0
1825, 87.0
1826, 92.0
1827, 91.0
1828, 92.0
1829, 92.0
1830, 94.0
1831, 91.0
1832, 90.0
1833, 95.0
1834, 92.0
1835, 95.0
1836, 91.0
1837, 95.0
1838, 89.0
1839, 94.0
1840, 90.0
1841, 94.0
1842, 93.0
1843, 89.0
1844, 93.0
1845, 91.0
1846, 94.0
1847, 94.0
1848, 92.0
1849, 94.0
1850, 88.0
1851, 90.0
1852, 95.0
1853, 90.0
1854, 93.0
1855, 92.0
1856, 87.0
1857, 90.0
1858, 89.0
1859, 91.0
1860, 91.0
1861, 87.0
1862, 93.0
1863, 93.0
1864, 90.0
1865, 95.0
1866, 91.0
1867, 92.0
1868, 93.0
1869, 94.0
1870, 91.0
1871, 92.0
1872, 91.0
1873, 92.0
1874, 91.0
1875, 89.0
1876, 93.0
1877, 92.0
1878, 92.0
1879, 95.0
1880, 94.0
1881, 94.0
1882, 95.0
1883, 91.0
1884, 98.0
1885, 91.0
1886, 94.0
1887, 95.0
1888, 92.0
1889, 93.0
1890, 93.0
1891, 95.0
1892, 92.0
1893, 95.0
1894, 94.0
1895, 92.0
1896, 92.0
1897, 94.0
1898, 93.0
1899, 90.0
1900, 98.0
1901, 94.0
1902, 88.0
1903, 92.0
1904, 88.0
1905, 91.0
1906, 94.0
1907, 91.0
1908, 94.0
1909, 90.0
1910, 97.0
1911, 99.0
1912, 99.0
1913, 95.0
1914, 96.0
1915, 96.0
1916, 93.0
1917, 96.0
1918,102.0
1919,101.0
1920, 99.0
1921, 92.0
1922, 94.0
1923, 96.0
1924,101.0
1925, 99.0
1926,101.0
1927,101.0
1928,104.0
1929,104.0
1930,103.0
1931, 95.0
1932,102.0
1933,100.0
1934,105.0
1935,104.0
1936,109.0
1937,102.0
1938,108.0
1939,105.0
1940,115.0
1941,109.0
1942,105.0
1943,121.0
1944,134.0
1945,127.0
1946,102.0
1947,136.0
1948,202.0
1949,186.0
1950,152.0
1951,179.0
1952,392.0
1953,633.0
1954,641.0
1955,825.0
1956,1897.0
1957,3524.0
1958,3941.0
1959,3926.0
1960,3272.0
1961,1540.0
1962,670.0
1963,541.0
1964,474.0
1965,377.0
1966,265.0
1967,214.0
1968,193.0
1969,185.0
1970,172.0
1971,136.0
1972,147.0
1973,135.0
1974,127.0
1975,125.0
1976,124.0
1977,113.0
1978,131.0
1979,121.0
1980,116.0
1981,114.0
1982,107.0
1983,120.0
1984,115.0
1985,114.0
1986,103.0
1987,109.0
1988,108.0
1989,104.0
1990,109.0
1991,104.0
1992,107.0
1993, 98.0
1994,101.0
1995,100.0
1996,103.0
1997,107.0
1998,101.0
1999,106.0
2000, 95.0
2001,102.0
2002,101.0
2003, 98.0
2004,102.0
2005, 98.0
2006, 99.0
2007, 97.0
2008, 96.0
2009,100.0
2010, 98.0
2011, 97.0
2012,101.0
2013, 97.0
2014,101.0
2015,102.0
2016, 96.0
2017, 99.0
2018,100.0
2019, 97.0
2020,101.0
2021, 96.0
2022, 95.0
2023, 94.0
2024,100.0
2025, 98.0
2026, 96.0
2027, 96.0
2028, 97.0
2029, 99.0
2030, 98.0
2031, 92.0
2032, 97.0
2033, 93.0
2034, 99.0
2035, 93.0
2036, 98.0
2037, 88.0
2038, 92.0
2039, 94.0
2040, 88.0
2041, 94.0
2042, 91.0
2043, 90.0
2044, 90.0
2045, 95.0
2046, 92.0
2047, 93.0
2048, 91.0
2049, 98.0
2050, 96.0
2051, 93.0
2052, 95.0
2053, 94.0
2054, 92.0
2055, 89.0
2056, 97.0
2057, 94.0
2058, 94.0
2059, 96.0
2060, 94.0
2061, 97.0
2062, 99.0
2063, 96.0
2064, 90.0
2065, 98.0
2066, 94.0
2067, 90.0
2068, 93.0
2069, 97.0
2070, 95.0
2071, 94.0
2072, 95.0
2073, 95.0
2074, 90.0
2075, 93.0
2076, 95.0
2077, 93.0
2078, 95.0
2079, 95.0
2080, 98.0
2081, 90.0
2082, 92.0
2083, 96.0
2084, 92.0
2085, 93.0
2086, 94.0
2087, 95.0
2088, 96.0
2089, 92.0
2090, 90.0
2091, 95.0
2092, 89.0
2093, 91.0
2094, 97.0
2095, 91.0
2096, 92.0
2097, 93.0
2098, 92.0
2099, 92.0
2100, 92.0
2101, 95.0
2102, 90.0
2103, 90.0
2104, 97.0
2105, 95.0
2106, 92.0
2107, 91.0
2108, 95.0
2109, 93.0
2110, 92.0
2111, 95.0
2112, 95.0
2113, 94.0
2114, 92.0
2115, 94.0
2116, 90.0
2117, 91.0
2118, 94.0
2119, 91.0
2120, 92.0
2121, 97.0
2122, 94.0
2123, 89.0
2124, 91.0
2125, 93.0
2126, 93.0
2127, 89.0
2128, 95.0
2129, 92.0
2130, 95.0
2131, 90.0
2132, 90.0
2133, 92.0
2134, 92.0
2135, 90.0
2136, 93.0
2137, 91.0
2138, 95.0
2139, 98.0
2140, 93.0
2141, 92.0
2142, 94.0
2143, 93.0
2144, 92.0
2145, 90.0
2146, 93.0
2147, 95.0
2148, 95.0
2149, 91.0
2150, 93.0
2151, 93.0
2152, 96.0
2153, 93.0
2154, 94.0
2155, 91.0
2156, 91.0
2157, 87.0
2158, 95.0
2159, 91.0
2160, 87.0
2161, 90.0
2162, 91.0
2163, 96.0
2164, 92.0
2165, 95.0
2166, 92.0
2167, 95.0
2168, 98.0
2169, 94.0
2170, 91.0
2171, 92.0
2172, 92.0
2173, 92.0
2174, 93.0
2175, 93.0
2176, 95.0
2177, 92.0
2178, 90.0
2179, 93.0
2180, 91.0
2181, 92.0
2182, 92.0
2183, 88.0
2184, 90.0
2185, 90.0
2186, 92.0
2187, 92.0
2188, 86.0
2189, 93.0
2190, 88.0
2191, 98.0
2192, 95.0
2193, 93.0
2194, 91.0
2195, 91.0
2196, 91.0
2197, 95.0
2198, 92.0
2199, 93.0
2200, 90.0
2201, 92.0
2202, 93.0
2203, 95.0
2204, 98.0
2205, 92.0
2206, 92.0
2207, 93.0
2208, 90.0
2209, 93.0
2210, 93.0
2211, 93.0
2212, 94.0
2213, 90.0
2214, 96.0
2215, 88.0
2216, 93.0
2217, 92.0
2218, 92.0
2219, 90.0
2220, 94.0
2221, 94.0
2222, 89.0
2223, 94.0
2224, 97.0
2225, 94.0
2226, 94.0
2227, 93.0
2228, 89.0
2229, 90.0
2230, 92.0
2231, 92.0
2232, 94.0
2233, 92.0
2234, 93.0
2235, 95.0
2236, 89.0
2237, 93.0
2238, 92.0
2239, 90.0
2240, 92.0
2241, 88.0
2242, 91.0
2243, 94.0
2244, 93.0
2245, 92.0
2246, 94.0
2247, 89.0
2248, 95.0
2249, 91.0
2250, 91.0
2251, 90.0
2252, 91.0
2253, 91.0
2254, 92.0
2255, 92.0
2256, 93.0
2257, 92.0
2258, 94.0
2259, 96.0
2260, 90.0
2261, 95.0
2262, 91.0
2263, 89.0
2264, 95.0
2265, 92.0
2266, 94.0
2267, 93.0
2268, 90.0
2269, 93.0
2270, 90.0
2271, 90.0
2272, 94.0
2273, 87.0
2274, 95.0
2275, 91.0
2276, 85.0
2277, 92.0
2278, 93.0
2279, 92.0
2280, 86.0
2281, 92.0
2282, 92.0
2283, 92.0
2284, 92.0
2285, 95.0
2286, 91.0
2287, 88.0
2288, 89.0
2289, 95.0
2290, 91.0
2291, 92.0
2292, 86.0
2293, 88.0
2294, 89.0
2295, 94.0
2296, 92.0
2297, 91.0
2298, 94.0
2299, 92.0
2300, 85.0
2301, 90.0
2302, 93.0
2303, 92.0
2304, 90.0
2305, 95.0
2306, 91.0
2307, 93.0
2308, 89.0
2309, 94.0
2310, 95.0
2311, 92.0
2312, 90.0
2313, 95.0
2314, 95.0
2315, 87.0
2316, 91.0
2317, 90.0
2318, 86.0
2319, 92.0
2320, 92.0
2321, 91.0
2322, 94.0
2323, 89.0
2324, 93.0
2325, 92.0
2326, 93.0
2327, 91.0
2328, 95.0
2329, 95.0
2330, 88.0
2331, 90.0
2332, 94.0
2333, 88.0
2334, 85.0
2335, 94.0
2336, 95.0
2337, 94.0
2338, 90.0
2339, 94.0
2340, 94.0
2341, 93.0
2342, 92.0
2343, 94.0
2344, 94.0
2345, 92.0
2346, 92.0
2347, 93.0
2348, 94.0
2349, 93.0
2350,100.0
2351, 92.0
2352, 88.0
2353, 91.0
2354, 94.0
2355, 94.0
2356, 88.0
2357, 92.0
2358, 94.0
2359, 87.0
2360, 92.0
2361, 97.0
2362, 92.0
2363, 91.0
2364, 94.0
2365, 90.0
2366, 94.0
2367, 94.0
2368, 94.0
2369, 91.0
2370, 92.0
2371, 92.0
2372, 95.0
2373, 96.0
2374, 91.0
2375, 93.0
2376, 93.0
2377, 89.0
2378, 90.0
2379, 91.0
2380, 91.0
2381, 90.0
2382, 90.0
2383, 88.0
2384, 91.0
2385, 94.0
2386, 93.0
2387, 89.0
2388, 91.0
2389, 89.0
2390, 95.0
2391, 93.0
2392, 93.0
2393, 89.0
2394, 89.0
2395, 90.0
2396, 93.0
2397, 94.0
2398, 91.0
2399, 90.0
2400, 92.0
2401, 89.0
2402, 89.0
2403, 88.0
2404, 93.0
2405, 92.0
2406, 95.0
2407, 93.0
2408, 91.0
2409, 91.0
2410, 93.0
2411, 96.0
2412, 92.0
2413, 96.0
2414, 92.0
2415, 88.0
2416, 92.0
2417, 91.0
2418, 91.0
2419, 93.0
2420, 94.0
2421, 91.0
2422, 95.0
2423, 89.0
2424, 92.0
2425, 94.0
2426, 94.0
2427, 92.0
2428, 95.0
2429, 90.0
2430, 92.0
2431, 92.0
2432, 92.0
2433, 94.0
2434, 92.0
2435, 92.0
2436, 91.0
2437, 91.0
2438, 90.0
2439, 96.0
2440, 93.0
2441, 94.0
2442, 91.0
2443, 95.0
2444, 94.0
2445, 95.0
2446, 94.0
2447, 91.0
2448, 92.0
2449, 95.0
2450, 94.0
2451, 91.0
2452, 96.0
2453, 92.0
2454, 95.0
2455, 89.0
2456, 89.0
2457, 93.0
2458, 92.0
2459, 91.0
2460, 94.0
2461, 93.0
2462, 87.0
2463, 94.0
2464, 91.0
2465, 92.0
2466, 90.0
2467, 91.0
2468, 94.0
2469, 87.0
2470, 91.0
2471, 94.0
2472, 95.0
2473, 95.0
2474, 90.0
2475, 90.0
2476, 94.0
2477, 86.0
2478, 90.0
2479, 88.0
2480, 93.0
2481, 92.0
2482, 89.0
2483, 93.0
2484, 89.0
2485, 88.0
2486, 90.0
2487, 90.0
2488, 93.0
2489, 93.0
2490, 95.0
2491, 87.0
2492, 94.0
2493, 91.0
2494, 92.0
2495, 93.0
2496, 90.0
2497, 95.0
2498, 97.0
2499, 89.0
2500, 94.0
2501, 94.0
2502, 92.0
2503, 92.0
2504, 90.0
2505, 93.0
2506, 90.0
2507, 91.0
2508, 90.0
2509, 94.0
2510, 88.0
2511, 88.0
2512, 92.0
2513, 92.0
2514, 86.0
2515, 86.0
2516, 90.0
2517, 86.0
2518, 88.0
2519, 94.0
2520, 86.0
2521, 89.0
2522, 96.0
2523, 93.0
2524, 92.0
2525, 92.0
2526, 92.0
2527, 93.0
2528, 96.0
2529, 90.0
2530, 89.0
2531, 88.0
2532, 94.0
2533, 90.0
2534, 91.0
2535, 86.0
2536, 93.0
2537, 88.0
2538, 90.0
2539, 89.0
2540, 93.0
2541, 94.0
2542, 95.0
2543, 92.0
2544, 92.0
2545, 90.0
2546, 91.0
2547, 94.0
2548, 95.0
2549, 91.0
2550, 97.0
2551, 90.0
2552, 94.0
2553, 91.0
2554, 90.0
2555, 94.0
2556, 91.0
2557, 92.0
2558, 90.0
2559, 94.0
2560, 90.0
2561, 90.0
2562, 92.0
2563, 94.0
2564, 93.0
2565, 97.0
2566, 90.0
2567, 95.0
2568, 91.0
2569, 93.0
2570, 93.0
2571, 92.0
2572, 86.0
2573, 92.0
2574, 90.0
2575, 91.0
2576, 89.0
2577, 92.0
2578, 90.0
2579, 88.0
2580, 89.0
2581, 98.0
2582, 92.0
2583, 93.0
2584, 89.0
2585, 90.0
2586, 93.0
2587, 83.0
2588, 94.0
2589, 93.0
2590, 90.0
2591, 95.0
2592, 87.0
2593, 89.0
2594, 89.0
2595, 94.0
2596, 96.0
2597, 94.0
2598, 90.0
2599, 95.0
2600, 95.0
2601, 93.0
2602, 93.0
2603, 85.0
2604, 95.0
2605, 91.0
2606,100.0
2607, 89.0
2608, 94.0
2609, 92.0
2610, 89.0
2611, 93.0
2612, 91.0
2613, 90.0
2614, 95.0
2615, 90.0
2616, 90.0
2617, 94.0
2618, 88.0
2619, 90.0
2620, 92.0
2621, 89.0
2622, 93.0
2623, 88.0
2624, 91.0
2625, 92.0
2626, 92.0
2627, 96.0
2628, 92.0
2629, 94.0
2630, 90.0
2631, 90.0
2632, 90.0
2633, 94.0
2634, 90.0
2635, 89.0
2636, 93.0
2637, 91.0
2638, 92.0
2639, 87.0
2640, 95.0
2641, 89.0
2642, 89.0
2643, 92.0
2644, 95.0
2645, 92.0
2646, 92.0
2647, 88.0
2648, 91.0
2649, 89.0
2650, 91.0
2651, 89.0
2652, 84.0
2653, 90.0
2654, 93.0
2655, 90.0
2656, 95.0
2657, 86.0
2658, 94.0
2659, 93.0
2660, 97.0
2661, 93.0
2662, 87.0
2663, 91.0
2664, 97.0
2665, 89.0
2666, 93.0
2667, 93.0
2668, 97.0
2669, 93.0
2670, 92.0
2671, 91.0
2672, 93.0
2673, 89.0
2674, 93.0
2675, 89.0
2676, 93.0
2677, 92.0
2678, 90.0
2679, 92.0
2680, 94.0
2681, 91.0
2682, 90.0
2683, 93.0
2684, 93.0
2685, 95.0
2686, 92.0
2687, 92.0
2688, 89.0
2689, 88.0
2690, 90.0
2691, 95.0
2692, 95.0
2693, 93.0
2694, 93.0
2695, 92.0
2696, 88.0
2697, 92.0
2698, 93.0
2699, 91.0
2700, 92.0
2701, 95.0
2702, 92.0
2703, 91.0
2704, 91.0
2705, 90.0
2706, 89.0
2707, 90.0
2708, 88.0
2709, 93.0
2710, 89.0
2711, 96.0
2712, 94.0
2713, 89.0
2714, 93.0
2715, 91.0
2716, 94.0
2717, 94.0
2718, 90.0
2719, 90.0
2720, 88.0
2721, 95.0
2722, 92.0
2723, 86.0
2724, 86.0
2725, 94.0
2726, 93.0
2727, 94.0
2728, 91.0
2729, 96.0
2730, 91.0
2731, 88.0
2732, 95.0
2733, 93.0
2734, 88.0
2735, 90.0
2736, 96.0
2737, 94.0
2738, 91.0
2739, 93.0
2740, 90.0
2741, 91.0
2742, 88.0
2743, 91.0
2744, 89.0
2745, 94.0
2746, 94.0
2747, 91.0
2748, 91.0
2749, 92.0
2750, 94.0
2751, 95.0
2752, 95.0
2753, 93.0
2754, 86.0
2755, 93.0
2756, 92.0
2757, 93.0
2758, 94.0
2759, 93.0
2760, 95.0
2761, 88.0
2762, 94.0
2763, 94.0
2764, 89.0
2765, 92.0
2766, 95.0
2767, 94.0
2768, 93.0
2769, 89.0
2770, 95.0
2771, 90.0
2772, 88.0
2773, 91.0
2774, 90.0
2775, 91.0
2776, 92.0
2777, 90.0
2778, 96.0
2779, 89.0
2780, 91.0
2781, 92.0
2782, 88.0
2783, 92.0
2784, 93.0
2785, 94.0
2786, 93.0
2787, 92.0
2788, 91.0
2789, 92.0
2790, 91.0
2791, 92.0
2792, 85.0
2793, 91.0
2794, 92.0
2795, 92.0
2796, 94.0
2797, 93.0
2798, 95.0
2799, 93.0
2800, 92.0
2801, 91.0
2802, 87.0
2803, 89.0
2804, 95.0
2805, 91.0
2806, 89.0
2807, 89.0
2808, 89.0
2809, 87.0
2810, 90.0
2811, 91.0
2812, 94.0
2813, 93.0
2814, 89.0
2815, 94.0
2816, 93.0
2817, 91.0
2818, 93.0
2819, 95.0
2820, 93.0
2821, 92.0
2822, 92.0
2823, 88.0
2824, 86.0
2825, 91.0
2826, 88.0
2827, 92.0
2828, 98.0
2829, 95.0
2830, 93.0
2831, 90.0
2832, 92.0
2833, 96.0
2834, 90.0
2835, 90.0
2836, 93.0
2837, 94.0
2838, 93.0
2839, 89.0
2840, 96.0
2841, 89.0
2842, 91.0
2843, 90.0
2844, 89.0
2845, 94.0
2846, 94.0
2847, 91.0
2848, 90.0
2849, 95.0
2850, 88.0
2851, 91.0
2852, 93.0
2853, 92.0
2854, 88.0
2855, 93.0
2856, 89.0
2857, 93.0
2858, 88.0
2859, 89.0
2860, 88.0
2861, 92.0
2862, 91.0
2863, 94.0
2864, 92.0
2865, 92.0
2866, 95.0
2867, 90.0
2868, 93.0
2869, 96.0
2870, 91.0
2871, 91.0
2872, 92.0
2873, 93.0
2874, 91.0
2875, 90.0
2876, 90.0
2877, 88.0
2878, 94.0
2879, 92.0
2880, 94.0
2881, 93.0
2882, 87.0
2883, 89.0
2884, 92.0
2885, 90.0
2886, 91.0
2887, 94.0
2888, 92.0
2889, 88.0
2890, 97.0
2891, 92.0
2892, 89.0
2893, 90.0
2894, 91.0
2895, 90.0
2896, 93.0
2897, 92.0
2898, 92.0
2899, 90.0
2900, 88.0
2901, 94.0
2902, 92.0
2903, 93.0
2904, 91.0
2905, 91.0
2906, 92.0
2907, 91.0
2908, 89.0
2909, 94.0
2910, 92.0
2911, 93.0
2912, 93.0
2913, 88.0
2914, 89.0
2915, 96.0
2916, 93.0
2917, 91.0
2918, 92.0
2919, 89.0
2920, 93.0
2921, 92.0
2922, 94.0
2923, 92.0
2924, 93.0
2925, 92.0
2926, 89.0
2927, 89.0
2928, 89.0
2929, 92.0
2930, 95.0
2931, 91.0
2932, 93.0
2933, 93.0
2934, 89.0
2935, 90.0
2936, 90.0
2937, 90.0
2938, 96.0
2939, 93.0
2940, 88.0
2941, 94.0
2942, 94.0
2943, 90.0
2944, 94.0
2945, 94.0
2946, 93.0
2947, 94.0
2948, 92.0
2949, 91.0
2950, 93.0
2951, 91.0
2952, 94.0
2953, 90.0
2954, 88.0
2955, 89.0
2956, 90.0
2957, 89.0
2958, 91.0
2959, 87.0
2960, 91.0
2961, 91.0
2962, 93.0
2963, 94.0
2964, 94.0
2965, 92.0
2966, 92.0
2967, 89.0
2968, 91.0
2969, 92.0
2970, 87.0
2971, 91.0
2972, 94.0
2973, 89.0
2974, 89.0
2975, 86.0
2976, 94.0
2977, 90.0
2978, 99.0
2979, 92.0
2980, 90.0
2981, 92.0
2982, 91.0
2983, 92.0
2984, 97.0
2985, 95.0
2986, 90.0
2987, 94.0
2988, 92.0
2989, 96.0
2990, 89.0
2991, 90.0
2992, 92.0
2993, 87.0
2994, 97.0
2995, 90.0
2996, 94.0
2997, 92.0
2998, 91.0
2999, 90.0
3000, 89.0
3001, 90.0
3002, 91.0
3003, 92.0
3004, 92.0
3005, 94.0
3006, 93.0
3007, 94.0
3008, 92.0
3009, 94.0
3010, 93.0
3011, 91.0
3012, 94.0
3013, 89.0
3014, 89.0
3015, 85.0
3016, 94.0
3017, 95.0
3018, 93.0
3019, 88.0
3020, 95.0
3021, 95.0
3022, 93.0
3023, 89.0
3024, 91.0
3025, 95.0
3026, 90.0
3027, 93.0
3028, 96.0
3029, 90.0
3030, 89.0
3031, 93.0
3032, 95.0
3033, 89.0
3034, 93.0
3035, 89.0
3036, 91.0
3037, 91.0
3038, 91.0
3039, 97.0
3040, 92.0
3041, 88.0
3042, 98.0
3043, 91.0
3044, 92.0
3045, 93.0
3046, 89.0
3047, 95.0
3048, 96.0
3049, 90.0
3050, 93.0
3051, 92.0
3052, 93.0
3053, 87.0
3054, 92.0
3055, 90.0
3056, 93.0
3057, 94.0
3058, 88.0
3059, 93.0
3060, 96.0
3061, 91.0
3062, 93.0
3063, 93.0
3064, 90.0
3065, 88.0
3066, 91.0
3067, 93.0
3068, 88.0
3069, 94.0
3070, 96.0
3071, 88.0
3072, 92.0
3073, 95.0
3074, 93.0
3075, 92.0
3076, 91.0
3077, 89.0
3078, 93.0
3079, 93.0
3080, 94.0
3081, 88.0
3082, 91.0
3083, 93.0
3084, 95.0
3085, 91.0
3086, 92.0
3087, 90.0
3088, 97.0
3089, 92.0
3090, 91.0
3091, 88.0
3092, 98.0
3093, 93.0
3094, 93.0
3095, 89.0
3096, 90.0
3097, 93.0
3098, 88.0
3099, 92.0
3100, 92.0
3101, 93.0
3102, 86.0
3103, 95.0
3104, 92.0
3105, 89.0
3106, 90.0
3107, 91.0
3108, 93.0
3109, 91.0
3110, 91.0
3111, 89.0
3112, 89.0
3113, 93.0
3114, 96.0
3115, 92.0
3116, 90.0
3117, 91.0
3118, 95.0
3119, 92.0
3120, 93.0
3121, 92.0
3122, 91.0
3123, 90.0
3124, 94.0
3125, 90.0
3126, 90.0
3127, 90.0
3128, 91.0
3129, 90.0
3130, 91.0
3131, 96.0
3132, 88.0
3133, 94.0
3134, 91.0
3135, 92.0
3136, 89.0
3137, 92.0
3138, 92.0
3139, 91.0
3140, 89.0
3141, 95.0
3142, 93.0
3143, 91.0
3144, 89.0
3145, 88.0
3146, 92.0
3147, 88.0
3148, 92.0
3149, 93.0
3150, 91.0
3151, 93.0
3152, 90.0
3153, 89.0
3154, 93.0
3155, 94.0
3156, 92.0
3157, 88.0
3158, 94.0
3159, 89.0
3160, 95.0
3161, 89.0
3162, 92.0
3163, 91.0
3164, 93.0
3165, 96.0
3166, 97.0
3167, 94.0
3168, 95.0
3169, 92.0
3170, 93.0
3171, 89.0
3172, 92.0
3173, 92.0
3174, 95.0
3175, 97.0
3176, 96.0
3177, 93.0
3178, 91.0
3179, 95.0
3180, 89.0
3181, 92.0
3182, 90.0
3183, 95.0
3184, 94.0
3185, 92.0
3186, 88.0
3187, 92.0
3188, 90.0
3189, 90.0
3190, 91.0
3191, 92.0
3192, 91.0
3193, 90.0
3194, 91.0
3195, 94.0
3196, 95.0
3197, 88.0
3198, 90.0
3199, 94.0
3200, 92.0
3201, 89.0
3202, 96.0
3203, 90.0
3204, 92.0
3205, 92.0
3206, 91.0
3207, 90.0
3208, 94.0
3209, 88.0
3210, 90.0
3211, 91.0
3212, 88.0
3213, 94.0
3214, 90.0
3215, 90.0
3216, 93.0
3217, 92.0
3218, 97.0
3219, 90.0
3220, 93.0
3221, 91.0
3222, 91.0
3223, 96.0
3224, 90.0
3225, 92.0
3226, 89.0
3227, 96.0
3228, 91.0
3229, 87.0
3230, 93.0
3231, 86.0
3232, 93.0
3233, 96.0
3234, 89.0
3235, 95.0
3236, 89.0
3237, 91.0
3238, 96.0
3239, 91.0
3240, 90.0
3241, 93.0
3242, 93.0
3243, 88.0
3244, 92.0
3245, 91.0
3246, 96.0
3247, 93.0
3248, 92.0
3249, 95.0
3250, 93.0
3251, 89.0
3252, 94.0
3253, 91.0
3254, 84.0
3255, 89.0
3256, 92.0
3257, 94.0
3258, 89.0
3259, 90.0
3260, 92.0
3261, 90.0
3262, 89.0
3263, 92.0
3264, 89.0
3265, 94.0
3266, 95.0
3267, 92.0
3268, 91.0
3269, 92.0
3270, 94.0
3271, 95.0
3272, 91.0
3273, 96.0
3274, 90.0
3275, 93.0
3276, 90.0
3277, 90.0
3278, 91.0
3279, 91.0
3280, 90.0
3281, 92.0
3282, 88.0
3283, 90.0
3284, 89.0
3285, 95.0
3286, 94.0
3287, 90.0
3288, 93.0
3289, 92.0
3290, 92.0
3291, 88.0
3292, 91.0
3293, 94.0
3294, 91.0
3295, 93.0
3296, 92.0
3297, 92.0
3298, 91.0
3299, 89.0
3300, 94.0
3301, 90.0
3302, 93.0
3303, 91.0
3304, 89.0
3305, 91.0
3306, 94.0
3307, 89.0
3308, 95.0
3309, 90.0
3310, 95.0
3311, 90.0
3312, 93.0
3313, 92.0
3314, 91.0
3315, 91.0
3316, 87.0
3317, 93.0
3318, 96.0
3319, 97.0
3320, 91.0
3321, 96.0
3322, 92.0
3323, 93.0
3324, 92.0
3325, 86.0
3326, 91.0
3327, 92.0
3328, 95.0
3329, 92.0
3330, 89.0
3331, 93.0
3332, 90.0
3333, 92.0
3334, 93.0
3335, 94.0
3336, 93.0
3337, 94.0
3338, 95.0
3339, 90.0
3340, 88.0
3341, 93.0
3342, 94.0
3343, 86.0
3344, 95.0
3345, 91.0
3346, 96.0
3347, 91.0
3348, 90.0
3349, 91.0
3350, 93.0
3351, 91.0
3352, 90.0
3353, 92.0
3354, 92.0
3355, 88.0
3356, 93.0
3357, 93.0
3358, 90.0
3359, 94.0
3360, 91.0
3361, 90.0
3362, 93.0
3363, 92.0
3364, 92.0
3365, 90.0
3366, 92.0
3367, 92.0
3368, 92.0
3369, 90.0
3370, 90.0
3371, 93.0
3372, 94.0
3373, 94.0
3374, 95.0
3375, 91.0
3376, 93.0
3377, 90.0
3378, 87.0
3379, 97.0
3380, 93.0
3381, 90.0
3382, 90.0
3383, 90.0
3384, 94.0
3385, 88.0
3386, 95.0
3387, 90.0
3388, 89.0
3389, 93.0
3390, 94.0
3391, 94.0
3392, 95.0
3393, 91.0
3394, 98.0
3395, 91.0
3396, 93.0
3397, 90.0
3398, 93.0
3399, 95.0
3400, 92.0
3401, 88.0
3402, 95.0
3403, 93.0
3404, 94.0
3405, 92.0
3406, 91.0
3407, 89.0
3408, 90.0
3409, 93.0
3410, 90.0
3411, 92.0
3412, 92.0
3413, 96.0
3414, 88.0
3415, 92.0
3416, 91.0
3417, 90.0
3418, 95.0
3419, 89.0
3420, 94.0
3421, 93.0
3422, 88.0
3423, 90.0
3424, 93.0
3425, 92.0
3426, 90.0
3427, 88.0
3428, 90.0
3429, 96.0
3430, 92.0
3431, 93.0
3432, 91.0
3433, 88.0
3434, 91.0
3435, 92.0
3436, 90.0
3437, 90.0
3438, 94.0
3439, 91.0
3440, 91.0
3441, 89.0
3442, 86.0
3443, 93.0
3444, 94.0
3445, 92.0
3446, 91.0
3447, 93.0
3448, 88.0
3449, 93.0
3450, 90.0
3451, 93.0
3452, 90.0
3453, 96.0
3454, 92.0
3455, 92.0
3456, 95.0
3457, 88.0
3458, 94.0
3459, 93.0
3460, 88.0
3461, 94.0
3462, 89.0
3463, 92.0
3464, 90.0
3465, 95.0
3466, 90.0
3467, 92.0
3468, 95.0
3469, 87.0
3470, 92.0
3471, 94.0
3472, 88.0
3473, 90.0
3474, 89.0
3475, 93.0
3476, 92.0
3477, 89.0
3478, 89.0
3479, 96.0
3480, 96.0
3481, 91.0
3482, 95.0
3483, 89.0
3484, 95.0
3485, 91.0
3486, 91.0
3487, 92.0
3488, 87.0
3489, 92.0
3490, 92.0
3491, 93.0
3492, 91.0
3493, 92.0
3494, 88.0
3495, 92.0
3496, 90.0
3497, 92.0
3498, 89.0
3499, 95.0
3500, 94.0
3501, 93.0
3502, 93.0
3503, 93.0
3504, 91.0
3505, 94.0
3506, 94.0
3507, 93.0
3508, 91.0
3509, 88.0
3510, 91.0
3511, 93.0
3512, 90.0
3513, 88.0
3514, 90.0
3515, 95.0
3516, 97.0
3517, 95.0
3518, 92.0
3519, 90.0
3520, 91.0
3521, 92.0
3522, 93.0
3523, 92.0
3524, 91.0
3525, 93.0
3526, 94.0
3527, 92.0
3528, 95.0
3529, 92.0
3530, 94.0
3531, 94.0
3532, 88.0
3533, 93.0
3534, 87.0
3535, 96.0
3536, 90.0
3537, 90.0
3538, 97.0
3539, 90.0
3540, 89.0
3541, 92.0
3542, 95.0
3543, 93.0
3544, 92.0
3545, 95.0
3546, 94.0
3547, 95.0
3548, 93.0
3549, 94.0
3550, 94.0
3551, 94.0
3552, 90.0
3553, 88.0
3554, 94.0
3555, 91.0
3556, 95.0
3557, 95.0
3558, 94.0
3559, 87.0
3560, 89.0
3561, 89.0
3562, 94.0
3563, 96.0
3564, 92.0
3565, 91.0
3566, 90.0
3567, 89.0
3568, 89.0
3569, 91.0
3570, 96.0
3571, 91.0
3572, 87.0
3573, 92.0
3574, 89.0
3575, 91.0
3576, 94.0
3577, 91.0
3578, 93.0
3579, 90.0
3580, 94.0
3581, 93.0
3582, 93.0
3583, 90.0
3584, 91.0
3585, 95.0
3586, 94.0
3587, 92.0
3588, 90.0
3589, 89.0
3590, 90.0
3591, 93.0
3592, 92.0
3593, 87.0
3594, 95.0
3595, 93.0
3596, 88.0
3597, 96.0
3598, 90.0
3599, 90.0
3600, 95.0
3601, 92.0
3602, 91.0
3603, 93.0
3604, 91.0
3605, 91.0
3606, 93.0
3607, 93.0
3608, 93.0
3609, 88.0
3610, 89.0
3611, 93.0
3612, 90.0
3613, 92.0
3614, 96.0
3615, 97.0
3616, 93.0
3617, 91.0
3618, 92.0
3619, 92.0
3620, 90.0
3621, 93.0
3622, 96.0
3623, 86.0
3624, 87.0
3625, 93.0
3626, 93.0
3627, 91.0
3628, 93.0
3629, 93.0
3630, 97.0
3631, 92.0
3632, 93.0
3633, 92.0
3634, 92.0
3635, 89.0
3636, 87.0
3637, 92.0
3638, 95.0
3639, 93.0
3640, 89.0
3641, 91.0
3642, 91.0
3643, 92.0
3644, 92.0
3645, 88.0
3646, 90.0
3647,  1.0

