Single
3648
Scan 0,   
0, 96.0
1, 98.0
2, 96.0
3,102.0
4, 97.0
5,102.0
6, 96.0
7,101.0
8, 96.0
9,100.0
10, 92.0
11, 94.0
12, 95.0
13,102.0
14, 97.0
15, 97.0
16,101.0
17, 96.0
18, 98.0
19, 99.0
20, 96.0
21, 92.0
22, 98.0
23,101.0
24, 96.0
25, 99.0
26, 96.0
27, 92.0
28, 95.0
29, 97.0
30, 98.0
31, 97.0
32, 98.0
33, 96.0
34, 97.0
35, 99.0
36, 95.0
37,100.0
38, 95.0
39, 96.0
40, 95.0
41, 95.0
42, 96.0
43, 98.0
44, 98.0
45, 97.0
46, 96.0
47, 96.0
48, 97.0
49, 99.0
50, 98.0
51, 92.0
52, 94.0
53,100.0
54, 95.0
55,100.0
56, 98.0
57, 93.0
58, 95.0
59,100.0
60, 98.0
61, 96.0
62, 95.0
63, 93.0
64, 94.0
65, 95.0
66, 96.0
67, 97.0
68, 91.0
69, 97.0
70, 97.0
71, 94.0
72, 98.0
73, 93.0
74, 97.0
75, 98.0
76, 90.0
77, 97.0
78, 99.0
79, 95.0
80, 90.0
81, 99.0
82, 98.0
83, 96.0
84, 93.0
85, 93.0
86, 99.0
87, 98.0
88, 98.0
89, 97.0
90, 95.0
91, 95.0
92, 95.0
93,100.0
94, 97.0
95, 98.0
96, 93.0
97,100.0
98, 98.0
99,100.0
100, 93.0
101, 95.0
102, 98.0
103, 95.0
104, 95.0
105, 98.0
106, 94.0
107,100.0
108, 94.0
109, 98.0
110, 97.0
111, 98.0
112, 98.0
113, 91.0
114, 97.0
115, 96.0
116, 96.0
117, 98.0
118, 99.0
119, 97.0
120,100.0
121, 97.0
122, 95.0
123, 95.0
124, 98.0
125, 98.0
126, 94.0
127, 94.0
128, 98.0
129, 96.0
130, 96.0
131, 94.0
132, 97.0
133, 92.0
134, 93.0
135, 94.0
136, 95.0
137, 98.0
138, 94.0
139, 94.0
140, 97.0
141, 93.0
142, 93.0
143, 99.0
144, 96.0
145, 95.0
146, 95.0
147, 97.0
148, 92.0
149, 92.0
150, 98.0
151, 95.0
152,101.0
153, 93.0
154, 99.0
155, 98.0
156, 98.0
157, 99.0
158, 98.0
159, 96.0
160, 93.0
161,101.0
162, 93.0
163, 96.0
164, 97.0
165, 95.0
166, 96.0
167, 96.0
168, 94.0
169, 93.0
170, 95.0
171, 95.0
172, 95.0
173, 94.0
174, 96.0
175, 98.0
176, 95.0
177, 94.0
178, 97.0
179, 96.0
180, 92.0
181, 96.0
182, 95.0
183, 96.0
184, 95.0
185, 96.0
186, 95.0
187, 95.0
188, 95.0
189, 95.0
190, 96.0
191, 95.0
192, 94.0
193,100.0
194, 95.0
195, 99.0
196, 94.0
197, 99.0
198, 93.0
199, 98.0
200, 93.0
201, 96.0
202, 94.0
203, 96.0
204, 97.0
205,101.0
206, 95.0
207, 94.0
208, 98.0
209,100.0
210,100.0
211, 95.0
212, 94.0
213, 96.0
214, 99.0
215, 96.0
216, 97.0
217, 92.0
218, 93.0
219, 98.0
220, 93.0
221, 93.0
222, 94.0
223, 93.0
224, 95.0
225, 93.0
226, 97.0
227,101.0
228, 94.0
229, 95.0
230, 96.0
231, 95.0
232, 94.0
233, 97.0
234, 97.0
235,100.0
236, 95.0
237, 94.0
238, 95.0
239, 91.0
240, 92.0
241, 94.0
242,100.0
243, 97.0
244,100.0
245, 93.0
246, 94.0
247, 97.0
248, 92.0
249, 95.0
250, 97.0
251,100.0
252, 97.0
253, 97.0
254, 99.0
255, 95.0
256, 97.0
257, 92.0
258, 95.0
259, 97.0
260, 91.0
261, 97.0
262, 96.0
263, 95.0
264, 95.0
265, 96.0
266, 96.0
267, 95.0
268, 92.0
269, 98.0
270, 95.0
271, 97.0
272, 94.0
273, 99.0
274, 91.0
275, 94.0
276, 93.0
277, 94.0
278, 95.0
279,101.0
280, 97.0
281, 95.0
282, 91.0
283, 97.0
284, 94.0
285, 94.0
286, 98.0
287, 91.0
288, 94.0
289, 96.0
290,100.0
291, 95.0
292, 90.0
293, 96.0
294, 95.0
295, 99.0
296, 95.0
297, 97.0
298, 90.0
299, 93.0
300, 94.0
301, 94.0
302, 94.0
303, 95.0
304, 97.0
305, 94.0
306, 98.0
307, 97.0
308, 95.0
309, 94.0
310, 96.0
311, 96.0
312, 95.0
313, 95.0
314, 96.0
315, 98.0
316, 97.0
317, 95.0
318, 97.0
319, 95.0
320, 97.0
321,101.0
322, 97.0
323, 95.0
324, 94.0
325, 93.0
326, 95.0
327, 95.0
328, 98.0
329, 88.0
330, 99.0
331, 97.0
332, 98.0
333, 95.0
334, 94.0
335, 98.0
336, 96.0
337, 95.0
338, 97.0
339, 99.0
340, 93.0
341, 97.0
342, 96.0
343, 94.0
344, 94.0
345, 93.0
346, 97.0
347, 92.0
348, 95.0
349, 96.0
350, 95.0
351,100.0
352, 92.0
353, 97.0
354, 97.0
355, 97.0
356, 96.0
357, 99.0
358, 96.0
359,101.0
360, 97.0
361, 92.0
362, 95.0
363, 96.0
364, 95.0
365, 99.0
366, 93.0
367, 98.0
368, 93.0
369, 92.0
370, 98.0
371, 94.0
372, 99.0
373, 97.0
374, 95.0
375, 94.0
376, 97.0
377, 95.0
378, 98.0
379, 94.0
380, 95.0
381, 95.0
382, 99.0
383, 95.0
384, 98.0
385, 98.0
386, 95.0
387,100.0
388, 95.0
389, 98.0
390,100.0
391, 93.0
392, 96.0
393, 93.0
394, 95.0
395, 95.0
396, 96.0
397, 98.0
398, 97.0
399, 95.0
400, 95.0
401, 93.0
402, 97.0
403, 96.0
404, 90.0
405, 96.0
406, 97.0
407, 98.0
408, 95.0
409, 98.0
410, 94.0
411, 96.0
412, 95.0
413, 94.0
414, 93.0
415, 95.0
416, 92.0
417, 93.0
418, 92.0
419, 93.0
420, 97.0
421, 96.0
422, 99.0
423, 91.0
424, 96.0
425, 96.0
426, 95.0
427, 95.0
428, 96.0
429, 96.0
430, 92.0
431, 94.0
432, 94.0
433, 97.0
434, 94.0
435, 96.0
436, 93.0
437,102.0
438, 97.0
439, 96.0
440, 96.0
441, 92.0
442, 99.0
443, 94.0
444,101.0
445, 97.0
446, 99.0
447, 95.0
448, 94.0
449, 99.0
450, 92.0
451, 93.0
452, 96.0
453, 98.0
454, 94.0
455,100.0
456, 93.0
457, 96.0
458, 99.0
459, 95.0
460, 94.0
461, 96.0
462, 93.0
463, 97.0
464, 97.0
465,100.0
466,101.0
467, 91.0
468, 99.0
469, 94.0
470, 99.0
471, 94.0
472, 96.0
473, 91.0
474, 97.0
475,103.0
476, 97.0
477, 93.0
478, 94.0
479, 96.0
480, 97.0
481, 96.0
482, 96.0
483, 96.0
484, 96.0
485, 96.0
486, 97.0
487, 94.0
488, 98.0
489, 96.0
490,101.0
491,100.0
492,100.0
493, 95.0
494, 98.0
495, 98.0
496, 95.0
497, 97.0
498, 96.0
499,101.0
500, 97.0
501, 92.0
502, 99.0
503, 94.0
504, 95.0
505, 97.0
506, 92.0
507,101.0
508, 95.0
509, 99.0
510, 95.0
511, 96.0
512, 96.0
513, 96.0
514, 95.0
515, 94.0
516, 95.0
517, 96.0
518, 93.0
519, 95.0
520, 93.0
521, 96.0
522,100.0
523, 95.0
524, 88.0
525, 99.0
526, 96.0
527, 95.0
528, 99.0
529,101.0
530, 97.0
531, 97.0
532, 94.0
533, 96.0
534, 95.0
535, 94.0
536, 97.0
537, 99.0
538, 98.0
539, 93.0
540, 97.0
541, 99.0
542, 98.0
543, 97.0
544, 97.0
545, 93.0
546, 98.0
547,102.0
548, 92.0
549, 95.0
550, 93.0
551, 90.0
552, 99.0
553, 92.0
554, 97.0
555,100.0
556, 94.0
557, 93.0
558, 98.0
559, 94.0
560, 95.0
561, 94.0
562, 96.0
563, 89.0
564, 93.0
565, 93.0
566, 97.0
567, 98.0
568, 98.0
569, 95.0
570, 95.0
571, 94.0
572, 94.0
573, 95.0
574, 97.0
575, 95.0
576, 99.0
577, 98.0
578, 96.0
579,100.0
580, 99.0
581,100.0
582, 95.0
583, 89.0
584, 96.0
585, 97.0
586, 93.0
587, 94.0
588, 95.0
589, 95.0
590, 96.0
591, 96.0
592, 96.0
593, 97.0
594,101.0
595, 97.0
596, 96.0
597, 95.0
598, 96.0
599, 96.0
600, 94.0
601, 91.0
602, 99.0
603, 96.0
604,100.0
605, 92.0
606, 95.0
607, 98.0
608, 96.0
609, 95.0
610, 98.0
611, 95.0
612, 97.0
613, 95.0
614, 96.0
615,100.0
616, 98.0
617, 93.0
618, 91.0
619, 97.0
620, 94.0
621, 93.0
622, 94.0
623, 97.0
624, 96.0
625, 97.0
626, 94.0
627,100.0
628, 92.0
629, 98.0
630, 94.0
631, 94.0
632, 97.0
633, 94.0
634, 96.0
635, 96.0
636, 94.0
637,100.0
638, 98.0
639, 96.0
640, 95.0
641, 96.0
642, 95.0
643, 99.0
644, 94.0
645, 93.0
646, 98.0
647, 94.0
648, 95.0
649, 95.0
650, 90.0
651, 98.0
652, 92.0
653, 95.0
654, 94.0
655, 97.0
656, 95.0
657, 95.0
658,100.0
659, 96.0
660, 96.0
661, 96.0
662, 95.0
663, 96.0
664, 93.0
665, 97.0
666, 96.0
667, 95.0
668, 96.0
669, 94.0
670, 94.0
671, 96.0
672, 95.0
673, 94.0
674, 92.0
675, 96.0
676, 94.0
677, 97.0
678, 93.0
679,102.0
680,101.0
681, 93.0
682, 94.0
683, 93.0
684, 93.0
685, 95.0
686, 91.0
687, 96.0
688, 98.0
689, 93.0
690, 99.0
691, 98.0
692, 94.0
693, 91.0
694, 98.0
695, 96.0
696, 93.0
697, 94.0
698, 96.0
699, 97.0
700, 97.0
701, 97.0
702, 93.0
703, 95.0
704, 99.0
705,100.0
706, 95.0
707, 94.0
708, 95.0
709, 95.0
710, 98.0
711, 99.0
712, 96.0
713, 97.0
714, 94.0
715, 91.0
716, 95.0
717, 99.0
718, 97.0
719, 97.0
720,100.0
721, 95.0
722,100.0
723, 94.0
724, 98.0
725, 99.0
726, 93.0
727, 93.0
728, 98.0
729, 97.0
730, 97.0
731, 99.0
732, 94.0
733, 95.0
734, 97.0
735, 97.0
736, 95.0
737, 98.0
738, 97.0
739, 97.0
740, 96.0
741, 94.0
742, 95.0
743, 96.0
744, 98.0
745, 95.0
746, 99.0
747, 94.0
748, 96.0
749, 97.0
750,102.0
751, 96.0
752, 91.0
753, 96.0
754, 94.0
755, 95.0
756, 94.0
757, 93.0
758, 94.0
759, 91.0
760, 94.0
761, 99.0
762, 93.0
763, 96.0
764,102.0
765, 93.0
766, 91.0
767, 99.0
768, 91.0
769, 95.0
770, 96.0
771, 96.0
772, 95.0
773, 98.0
774, 95.0
775, 95.0
776, 97.0
777, 96.0
778, 94.0
779, 97.0
780, 96.0
781, 97.0
782, 99.0
783, 93.0
784, 99.0
785, 97.0
786, 96.0
787, 94.0
788,100.0
789, 99.0
790, 98.0
791, 97.0
792, 96.0
793, 98.0
794, 94.0
795, 91.0
796, 97.0
797,100.0
798, 92.0
799, 96.0
800, 96.0
801, 96.0
802, 93.0
803, 98.0
804, 89.0
805, 98.0
806, 92.0
807, 97.0
808, 99.0
809,100.0
810, 95.0
811, 99.0
812, 98.0
813,100.0
814, 96.0
815, 95.0
816, 99.0
817, 98.0
818, 91.0
819, 95.0
820, 95.0
821, 96.0
822,102.0
823, 95.0
824, 98.0
825, 95.0
826, 98.0
827, 95.0
828, 96.0
829, 99.0
830, 95.0
831, 99.0
832, 95.0
833, 98.0
834, 92.0
835, 96.0
836, 99.0
837, 95.0
838, 98.0
839, 99.0
840, 97.0
841, 96.0
842, 92.0
843, 98.0
844, 96.0
845, 96.0
846, 97.0
847, 93.0
848, 96.0
849, 91.0
850, 93.0
851, 98.0
852, 92.0
853, 97.0
854,100.0
855, 96.0
856, 89.0
857, 95.0
858, 93.0
859, 92.0
860, 93.0
861, 97.0
862, 93.0
863, 97.0
864, 88.0
865, 99.0
866, 95.0
867, 98.0
868, 94.0
869, 96.0
870, 92.0
871, 91.0
872, 95.0
873, 96.0
874, 98.0
875, 95.0
876, 94.0
877, 94.0
878, 94.0
879,100.0
880, 96.0
881, 96.0
882, 98.0
883, 95.0
884, 91.0
885, 97.0
886, 95.0
887, 95.0
888, 99.0
889, 98.0
890, 93.0
891, 95.0
892, 98.0
893, 92.0
894, 98.0
895, 95.0
896, 98.0
897, 99.0
898, 97.0
899, 96.0
900, 92.0
901, 97.0
902,102.0
903, 95.0
904, 95.0
905, 99.0
906, 94.0
907, 94.0
908, 96.0
909, 99.0
910, 96.0
911,101.0
912, 95.0
913, 99.0
914, 97.0
915, 96.0
916, 94.0
917, 96.0
918, 94.0
919, 97.0
920, 93.0
921, 94.0
922, 93.0
923, 95.0
924, 98.0
925, 99.0
926, 97.0
927,101.0
928, 96.0
929, 91.0
930, 96.0
931,100.0
932, 95.0
933, 92.0
934, 96.0
935, 93.0
936, 95.0
937, 96.0
938, 98.0
939, 95.0
940, 93.0
941, 92.0
942, 95.0
943, 96.0
944, 97.0
945, 94.0
946, 99.0
947, 98.0
948, 95.0
949, 95.0
950, 95.0
951, 97.0
952, 95.0
953, 98.0
954, 94.0
955, 98.0
956, 98.0
957, 93.0
958, 94.0
959, 95.0
960, 94.0
961, 95.0
962, 97.0
963, 97.0
964, 98.0
965, 92.0
966, 94.0
967, 87.0
968,102.0
969, 95.0
970, 96.0
971, 96.0
972, 97.0
973, 94.0
974,100.0
975, 90.0
976, 98.0
977, 95.0
978, 95.0
979, 93.0
980, 96.0
981, 96.0
982, 93.0
983, 93.0
984, 99.0
985, 98.0
986, 95.0
987,101.0
988, 98.0
989, 92.0
990, 96.0
991, 95.0
992, 96.0
993, 93.0
994, 95.0
995, 95.0
996, 98.0
997, 96.0
998, 94.0
999, 95.0
1000, 96.0
1001, 95.0
1002, 94.0
1003, 91.0
1004, 96.0
1005, 99.0
1006, 97.0
1007, 94.0
1008, 95.0
1009, 98.0
1010, 97.0
1011, 94.0
1012, 94.0
1013, 92.0
1014, 97.0
1015, 97.0
1016, 95.0
1017, 96.0
1018, 93.0
1019, 98.0
1020, 95.0
1021, 94.0
1022, 98.0
1023, 95.0
1024, 94.0
1025, 97.0
1026, 95.0
1027, 95.0
1028, 98.0
1029, 95.0
1030, 95.0
1031, 98.0
1032, 95.0
1033,100.0
1034, 97.0
1035, 96.0
1036, 90.0
1037,100.0
1038, 92.0
1039, 93.0
1040, 94.0
1041, 96.0
1042, 97.0
1043, 94.0
1044, 96.0
1045, 95.0
1046, 94.0
1047, 99.0
1048, 96.0
1049, 96.0
1050, 95.0
1051, 95.0
1052, 97.0
1053, 92.0
1054, 96.0
1055,101.0
1056, 94.0
1057, 98.0
1058, 93.0
1059, 95.0
1060, 99.0
1061, 96.0
1062, 98.0
1063, 95.0
1064, 93.0
1065, 93.0
1066, 94.0
1067, 96.0
1068, 98.0
1069, 96.0
1070, 94.0
1071,100.0
1072, 96.0
1073, 97.0
1074, 94.0
1075, 95.0
1076, 99.0
1077, 93.0
1078, 96.0
1079, 89.0
1080, 94.0
1081, 95.0
1082, 93.0
1083, 95.0
1084, 95.0
1085, 97.0
1086, 91.0
1087, 96.0
1088, 92.0
1089, 91.0
1090, 93.0
1091, 97.0
1092, 98.0
1093, 99.0
1094, 95.0
1095, 98.0
1096, 96.0
1097, 95.0
1098, 95.0
1099, 96.0
1100, 92.0
1101, 90.0
1102, 95.0
1103, 96.0
1104, 95.0
1105, 95.0
1106, 97.0
1107, 97.0
1108, 98.0
1109, 94.0
1110, 94.0
1111, 98.0
1112, 93.0
1113, 99.0
1114, 93.0
1115, 99.0
1116, 98.0
1117, 93.0
1118, 96.0
1119, 98.0
1120, 96.0
1121, 90.0
1122, 96.0
1123, 92.0
1124, 90.0
1125, 93.0
1126, 96.0
1127, 98.0
1128, 96.0
1129, 94.0
1130, 96.0
1131, 94.0
1132, 95.0
1133, 95.0
1134, 99.0
1135, 96.0
1136, 92.0
1137, 98.0
1138, 95.0
1139, 95.0
1140, 95.0
1141, 94.0
1142, 99.0
1143, 97.0
1144, 94.0
1145, 94.0
1146, 95.0
1147, 95.0
1148, 96.0
1149, 95.0
1150, 95.0
1151, 97.0
1152,104.0
1153, 98.0
1154, 96.0
1155,100.0
1156, 95.0
1157, 96.0
1158, 96.0
1159, 94.0
1160, 96.0
1161, 95.0
1162, 91.0
1163, 92.0
1164, 95.0
1165, 97.0
1166, 94.0
1167, 93.0
1168,102.0
1169, 96.0
1170, 96.0
1171, 95.0
1172, 93.0
1173, 93.0
1174, 96.0
1175, 96.0
1176, 96.0
1177, 93.0
1178, 92.0
1179, 93.0
1180, 89.0
1181, 93.0
1182, 94.0
1183, 97.0
1184, 93.0
1185, 95.0
1186,101.0
1187, 92.0
1188, 95.0
1189, 95.0
1190, 99.0
1191, 95.0
1192, 93.0
1193, 98.0
1194, 91.0
1195, 93.0
1196, 94.0
1197, 96.0
1198, 90.0
1199,101.0
1200, 96.0
1201, 97.0
1202, 91.0
1203, 96.0
1204, 90.0
1205, 98.0
1206, 91.0
1207, 93.0
1208, 96.0
1209, 91.0
1210, 93.0
1211, 95.0
1212, 91.0
1213,100.0
1214, 95.0
1215, 97.0
1216,100.0
1217, 96.0
1218, 98.0
1219, 96.0
1220, 98.0
1221,100.0
1222, 95.0
1223, 98.0
1224, 92.0
1225, 96.0
1226, 95.0
1227, 90.0
1228, 93.0
1229, 93.0
1230, 93.0
1231, 97.0
1232, 99.0
1233, 92.0
1234, 97.0
1235, 98.0
1236, 94.0
1237,100.0
1238, 94.0
1239, 97.0
1240, 96.0
1241, 95.0
1242, 92.0
1243, 99.0
1244, 96.0
1245, 96.0
1246, 91.0
1247, 95.0
1248,100.0
1249, 95.0
1250, 91.0
1251, 90.0
1252, 97.0
1253, 94.0
1254, 94.0
1255, 92.0
1256, 93.0
1257, 97.0
1258, 95.0
1259, 95.0
1260, 98.0
1261, 92.0
1262, 92.0
1263, 98.0
1264, 96.0
1265, 93.0
1266, 88.0
1267, 93.0
1268, 94.0
1269, 93.0
1270, 96.0
1271, 96.0
1272, 93.0
1273, 97.0
1274, 90.0
1275, 94.0
1276, 98.0
1277, 96.0
1278, 97.0
1279, 98.0
1280, 95.0
1281, 97.0
1282, 97.0
1283, 97.0
1284, 92.0
1285, 93.0
1286, 92.0
1287, 94.0
1288, 93.0
1289, 93.0
1290, 94.0
1291, 97.0
1292, 94.0
1293, 97.0
1294, 95.0
1295, 97.0
1296, 99.0
1297, 92.0
1298, 98.0
1299, 97.0
1300, 99.0
1301,101.0
1302, 97.0
1303,100.0
1304, 95.0
1305, 95.0
1306, 96.0
1307, 93.0
1308, 96.0
1309, 95.0
1310, 95.0
1311, 96.0
1312, 93.0
1313, 95.0
1314, 95.0
1315, 92.0
1316, 89.0
1317, 94.0
1318, 96.0
1319, 94.0
1320, 96.0
1321, 98.0
1322, 89.0
1323, 95.0
1324, 92.0
1325,100.0
1326, 97.0
1327, 93.0
1328, 95.0
1329, 97.0
1330, 98.0
1331, 95.0
1332, 95.0
1333, 94.0
1334, 91.0
1335, 97.0
1336,100.0
1337, 94.0
1338, 95.0
1339, 94.0
1340, 98.0
1341, 91.0
1342, 92.0
1343, 91.0
1344, 95.0
1345, 90.0
1346, 91.0
1347, 99.0
1348, 93.0
1349, 92.0
1350, 95.0
1351, 95.0
1352, 93.0
1353, 93.0
1354, 97.0
1355, 95.0
1356, 94.0
1357,100.0
1358, 93.0
1359, 93.0
1360, 97.0
1361,101.0
1362, 92.0
1363, 98.0
1364, 92.0
1365, 97.0
1366, 98.0
1367, 98.0
1368, 98.0
1369,100.0
1370, 97.0
1371, 94.0
1372, 97.0
1373, 95.0
1374, 95.0
1375, 96.0
1376, 98.0
1377, 91.0
1378, 94.0
1379, 98.0
1380, 90.0
1381, 96.0
1382, 97.0
1383, 99.0
1384,104.0
1385, 96.0
1386, 95.0
1387, 91.0
1388, 95.0
1389, 94.0
1390, 92.0
1391, 95.0
1392, 98.0
1393, 93.0
1394, 95.0
1395, 95.0
1396, 95.0
1397, 91.0
1398, 93.0
1399, 96.0
1400, 94.0
1401, 93.0
1402, 94.0
1403, 94.0
1404, 96.0
1405, 94.0
1406, 91.0
1407, 98.0
1408, 97.0
1409, 95.0
1410, 97.0
1411, 93.0
1412, 93.0
1413, 92.0
1414, 95.0
1415, 99.0
1416, 97.0
1417, 94.0
1418, 95.0
1419, 97.0
1420, 93.0
1421, 96.0
1422, 97.0
1423, 91.0
1424, 96.0
1425, 94.0
1426, 96.0
1427, 90.0
1428, 96.0
1429, 92.0
1430, 94.0
1431, 95.0
1432, 99.0
1433, 97.0
1434, 95.0
1435, 95.0
1436, 95.0
1437, 96.0
1438, 91.0
1439, 91.0
1440, 95.0
1441, 93.0
1442, 91.0
1443, 93.0
1444, 94.0
1445, 95.0
1446, 92.0
1447, 97.0
1448, 91.0
1449, 95.0
1450, 95.0
1451, 95.0
1452, 94.0
1453, 93.0
1454, 93.0
1455, 94.0
1456, 96.0
1457, 99.0
1458, 92.0
1459, 96.0
1460, 92.0
1461, 93.0
1462, 94.0
1463, 92.0
1464, 93.0
1465, 93.0
1466, 94.0
1467, 92.0
1468, 94.0
1469, 94.0
1470, 95.0
1471, 96.0
1472, 93.0
1473, 96.0
1474, 90.0
1475, 96.0
1476, 95.0
1477, 95.0
1478, 92.0
1479, 95.0
1480, 96.0
1481, 98.0
1482, 93.0
1483, 95.0
1484, 95.0
1485, 96.0
1486, 92.0
1487, 92.0
1488, 94.0
1489, 94.0
1490, 95.0
1491, 95.0
1492, 94.0
1493, 99.0
1494, 94.0
1495,101.0
1496, 95.0
1497, 95.0
1498, 95.0
1499, 94.0
1500, 96.0
1501, 94.0
1502, 93.0
1503, 98.0
1504, 96.0
1505, 90.0
1506, 92.0
1507, 90.0
1508, 95.0
1509, 94.0
1510, 89.0
1511, 97.0
1512, 93.0
1513, 99.0
1514, 97.0
1515, 92.0
1516, 98.0
1517, 94.0
1518, 95.0
1519, 94.0
1520, 94.0
1521, 98.0
1522, 95.0
1523, 98.0
1524, 91.0
1525, 98.0
1526, 86.0
1527, 96.0
1528, 95.0
1529, 92.0
1530, 91.0
1531, 95.0
1532,100.0
1533, 94.0
1534, 93.0
1535, 96.0
1536, 92.0
1537, 99.0
1538, 90.0
1539, 95.0
1540, 90.0
1541, 94.0
1542,100.0
1543, 93.0
1544, 95.0
1545, 98.0
1546, 93.0
1547, 97.0
1548, 92.0
1549, 94.0
1550, 97.0
1551, 94.0
1552, 94.0
1553, 94.0
1554, 95.0
1555, 93.0
1556, 85.0
1557, 96.0
1558, 94.0
1559, 89.0
1560, 92.0
1561, 92.0
1562, 96.0
1563, 96.0
1564, 94.0
1565, 94.0
1566, 95.0
1567, 94.0
1568, 90.0
1569, 95.0
1570, 92.0
1571, 92.0
1572, 98.0
1573, 94.0
1574, 95.0
1575, 99.0
1576, 99.0
1577, 92.0
1578, 96.0
1579, 94.0
1580, 97.0
1581, 95.0
1582, 90.0
1583, 94.0
1584, 94.0
1585, 93.0
1586, 95.0
1587, 98.0
1588, 95.0
1589, 96.0
1590, 95.0
1591, 94.0
1592, 95.0
1593, 95.0
1594, 98.0
1595, 95.0
1596, 98.0
1597, 95.0
1598, 95.0
1599, 97.0
1600, 90.0
1601, 91.0
1602, 94.0
1603, 94.0
1604, 91.0
1605, 97.0
1606, 93.0
1607,101.0
1608, 94.0
1609, 91.0
1610, 99.0
1611, 95.0
1612, 93.0
1613, 95.0
1614, 97.0
1615, 94.0
1616, 98.0
1617, 94.0
1618, 92.0
1619, 98.0
1620, 95.0
1621, 96.0
1622, 95.0
1623, 95.0
1624, 99.0
1625, 95.0
1626, 94.0
1627, 96.0
1628, 93.0
1629, 97.0
1630, 95.0
1631, 93.0
1632, 94.0
1633, 95.0
1634, 93.0
1635, 98.0
1636, 93.0
1637, 96.0
1638, 95.0
1639, 98.0
1640, 95.0
1641, 95.0
1642, 96.0
1643, 95.0
1644, 99.0
1645, 95.0
1646, 90.0
1647, 96.0
1648, 98.0
1649, 95.0
1650, 97.0
1651, 95.0
1652, 94.0
1653, 90.0
1654,100.0
1655, 95.0
1656, 97.0
1657, 95.0
1658, 94.0
1659, 94.0
1660, 93.0
1661, 96.0
1662, 92.0
1663, 95.0
1664, 94.0
1665, 99.0
1666, 95.0
1667, 98.0
1668, 89.0
1669, 95.0
1670, 93.0
1671, 96.0
1672, 96.0
1673, 95.0
1674, 92.0
1675, 94.0
1676, 91.0
1677, 99.0
1678, 96.0
1679, 96.0
1680, 94.0
1681, 94.0
1682, 91.0
1683, 95.0
1684, 96.0
1685, 96.0
1686, 97.0
1687, 93.0
1688, 94.0
1689,100.0
1690, 93.0
1691, 95.0
1692, 95.0
1693, 98.0
1694, 91.0
1695, 96.0
1696,103.0
1697, 94.0
1698, 98.0
1699, 97.0
1700, 97.0
1701, 97.0
1702, 95.0
1703, 95.0
1704, 97.0
1705, 97.0
1706, 95.0
1707,102.0
1708, 98.0
1709, 98.0
1710, 94.0
1711, 98.0
1712, 96.0
1713, 98.0
1714, 97.0
1715,103.0
1716, 97.0
1717, 94.0
1718, 95.0
1719,100.0
1720, 92.0
1721, 95.0
1722, 96.0
1723, 97.0
1724,102.0
1725, 94.0
1726, 98.0
1727, 94.0
1728, 96.0
1729, 96.0
1730, 97.0
1731, 98.0
1732, 94.0
1733, 98.0
1734, 95.0
1735, 95.0
1736, 96.0
1737, 96.0
1738, 98.0
1739, 96.0
1740, 95.0
1741,101.0
1742,103.0
1743, 97.0
1744, 99.0
1745,102.0
1746, 98.0
1747, 98.0
1748, 93.0
1749, 99.0
1750,101.0
1751,101.0
1752, 98.0
1753,104.0
1754,105.0
1755, 98.0
1756,106.0
1757,101.0
1758,101.0
1759,102.0
1760,107.0
1761,102.0
1762,104.0
1763,110.0
1764,110.0
1765,113.0
1766,116.0
1767,106.0
1768,106.0
1769,107.0
1770,108.0
1771,116.0
1772,113.0
1773,120.0
1774,119.0
1775,118.0
1776,113.0
1777,112.0
1778,114.0
1779,123.0
1780,138.0
1781,141.0
1782,139.0
1783,138.0
1784,125.0
1785,125.0
1786,138.0
1787,175.0
1788,213.0
1789,237.0
1790,229.0
1791,198.0
1792,172.0
1793,184.0
1794,278.0
1795,470.0
1796,820.0
1797,1310.0
1798,1830.0
1799,2300.0
1800,2440.0
1801,2300.0
1802,1837.0
1803,1292.0
1804,766.0
1805,417.0
1806,248.0
1807,191.0
1808,167.0
1809,188.0
1810,194.0
1811,200.0
1812,181.0
1813,170.0
1814,153.0
1815,131.0
1816,120.0
1817,116.0
1818,121.0
1819,125.0
1820,124.0
1821,125.0
1822,130.0
1823,124.0
1824,121.0
1825,116.0
1826,110.0
1827,105.0
1828,103.0
1829,109.0
1830,110.0
1831,112.0
1832,110.0
1833,109.0
1834,106.0
1835,109.0
1836,107.0
1837,107.0
1838, 99.0
1839,103.0
1840,104.0
1841,105.0
1842,102.0
1843,104.0
1844,101.0
1845,100.0
1846,102.0
1847, 97.0
1848,104.0
1849,104.0
1850,103.0
1851,103.0
1852,104.0
1853, 99.0
1854, 98.0
1855,103.0
1856, 94.0
1857,101.0
1858,101.0
1859, 98.0
1860, 97.0
1861, 99.0
1862,103.0
1863, 96.0
1864,100.0
1865, 97.0
1866, 96.0
1867, 94.0
1868, 99.0
1869, 95.0
1870, 99.0
1871, 98.0
1872, 99.0
1873, 95.0
1874,102.0
1875, 99.0
1876, 96.0
1877, 97.0
1878, 97.0
1879, 97.0
1880, 95.0
1881, 96.0
1882, 95.0
1883, 93.0
1884, 97.0
1885, 93.0
1886, 96.0
1887, 96.0
1888, 97.0
1889, 99.0
1890, 97.0
1891, 90.0
1892, 93.0
1893, 96.0
1894, 94.0
1895, 92.0
1896, 91.0
1897, 96.0
1898, 99.0
1899, 95.0
1900, 94.0
1901, 96.0
1902, 92.0
1903, 97.0
1904, 95.0
1905, 94.0
1906, 97.0
1907, 96.0
1908, 98.0
1909, 95.0
1910, 98.0
1911, 93.0
1912, 96.0
1913, 94.0
1914, 95.0
1915, 98.0
1916, 97.0
1917, 92.0
1918,100.0
1919, 95.0
1920, 92.0
1921, 99.0
1922, 92.0
1923, 94.0
1924, 95.0
1925,100.0
1926, 95.0
1927, 96.0
1928, 92.0
1929, 93.0
1930, 93.0
1931, 96.0
1932,100.0
1933, 92.0
1934, 95.0
1935, 94.0
1936, 93.0
1937, 92.0
1938, 92.0
1939, 95.0
1940, 93.0
1941, 97.0
1942, 96.0
1943, 95.0
1944, 93.0
1945, 92.0
1946, 92.0
1947, 94.0
1948, 93.0
1949, 94.0
1950, 94.0
1951, 94.0
1952, 96.0
1953, 94.0
1954, 97.0
1955, 96.0
1956, 93.0
1957, 98.0
1958, 97.0
1959, 96.0
1960, 96.0
1961, 92.0
1962, 92.0
1963, 97.0
1964, 99.0
1965, 94.0
1966, 94.0
1967, 90.0
1968, 98.0
1969, 95.0
1970, 96.0
1971, 93.0
1972, 92.0
1973, 92.0
1974, 93.0
1975, 94.0
1976, 99.0
1977, 97.0
1978, 94.0
1979, 93.0
1980, 94.0
1981, 95.0
1982, 93.0
1983, 98.0
1984, 94.0
1985, 93.0
1986, 96.0
1987, 93.0
1988, 91.0
1989, 95.0
1990, 97.0
1991, 92.0
1992, 94.0
1993, 96.0
1994, 88.0
1995, 96.0
1996, 96.0
1997, 94.0
1998, 95.0
1999, 90.0
2000, 92.0
2001, 99.0
2002, 92.0
2003, 93.0
2004, 89.0
2005, 95.0
2006, 90.0
2007, 99.0
2008, 93.0
2009, 94.0
2010, 93.0
2011, 95.0
2012, 97.0
2013, 93.0
2014, 99.0
2015, 94.0
2016, 94.0
2017, 95.0
2018, 94.0
2019, 94.0
2020, 94.0
2021, 95.0
2022, 95.0
2023, 93.0
2024, 95.0
2025,101.0
2026, 91.0
2027, 96.0
2028, 90.0
2029, 94.0
2030, 94.0
2031, 94.0
2032, 92.0
2033, 94.0
2034, 93.0
2035, 94.0
2036, 97.0
2037, 90.0
2038, 91.0
2039, 93.0
2040, 92.0
2041, 94.0
2042, 95.0
2043, 91.0
2044, 92.0
2045, 92.0
2046, 94.0
2047, 94.0
2048, 91.0
2049, 98.0
2050, 90.0
2051, 91.0
2052, 92.0
2053, 94.0
2054, 95.0
2055, 93.0
2056, 91.0
2057, 96.0
2058, 90.0
2059, 92.0
2060, 92.0
2061, 96.0
2062, 95.0
2063, 93.0
2064, 94.0
2065, 98.0
2066, 96.0
2067, 93.0
2068, 94.0
2069, 95.0
2070, 96.0
2071, 96.0
2072, 95.0
2073, 96.0
2074, 90.0
2075, 98.0
2076, 94.0
2077,101.0
2078, 97.0
2079, 93.0
2080, 95.0
2081, 93.0
2082, 96.0
2083, 92.0
2084, 95.0
2085, 92.0
2086, 92.0
2087, 92.0
2088, 91.0
2089, 95.0
2090, 98.0
2091,101.0
2092, 95.0
2093, 91.0
2094, 95.0
2095, 94.0
2096, 90.0
2097, 92.0
2098, 98.0
2099, 94.0
2100, 95.0
2101, 96.0
2102, 93.0
2103, 93.0
2104, 94.0
2105, 93.0
2106, 94.0
2107, 92.0
2108, 87.0
2109, 96.0
2110, 93.0
2111, 94.0
2112, 95.0
2113, 98.0
2114, 90.0
2115, 95.0
2116, 92.0
2117, 98.0
2118, 94.0
2119, 92.0
2120, 94.0
2121, 93.0
2122, 95.0
2123, 89.0
2124, 96.0
2125, 95.0
2126, 94.0
2127, 93.0
2128, 94.0
2129, 97.0
2130, 95.0
2131, 95.0
2132, 92.0
2133, 97.0
2134, 93.0
2135, 93.0
2136, 87.0
2137, 93.0
2138, 99.0
2139, 96.0
2140, 94.0
2141, 90.0
2142, 94.0
2143, 94.0
2144, 98.0
2145, 96.0
2146, 93.0
2147, 91.0
2148, 96.0
2149, 93.0
2150, 91.0
2151, 94.0
2152, 95.0
2153, 91.0
2154, 95.0
2155, 95.0
2156, 95.0
2157, 93.0
2158, 92.0
2159, 96.0
2160, 95.0
2161, 94.0
2162, 92.0
2163, 92.0
2164, 93.0
2165, 95.0
2166, 93.0
2167, 95.0
2168, 93.0
2169, 94.0
2170, 90.0
2171, 95.0
2172, 93.0
2173, 91.0
2174, 95.0
2175, 91.0
2176, 94.0
2177, 97.0
2178, 98.0
2179, 91.0
2180, 93.0
2181, 92.0
2182, 98.0
2183, 98.0
2184, 89.0
2185, 98.0
2186, 92.0
2187, 99.0
2188, 93.0
2189, 91.0
2190, 95.0
2191, 98.0
2192, 98.0
2193, 92.0
2194, 96.0
2195, 96.0
2196, 90.0
2197, 99.0
2198, 95.0
2199, 95.0
2200, 94.0
2201, 95.0
2202, 94.0
2203, 98.0
2204, 91.0
2205, 95.0
2206, 93.0
2207, 93.0
2208, 90.0
2209, 94.0
2210, 92.0
2211, 95.0
2212, 97.0
2213, 98.0
2214, 94.0
2215, 97.0
2216, 99.0
2217, 93.0
2218, 93.0
2219, 94.0
2220, 88.0
2221, 90.0
2222, 96.0
2223, 95.0
2224, 94.0
2225, 96.0
2226, 91.0
2227, 97.0
2228, 95.0
2229, 95.0
2230, 95.0
2231, 91.0
2232, 90.0
2233, 95.0
2234, 96.0
2235, 95.0
2236, 86.0
2237, 92.0
2238, 94.0
2239, 94.0
2240, 92.0
2241, 95.0
2242, 96.0
2243, 94.0
2244, 90.0
2245, 94.0
2246, 93.0
2247, 94.0
2248, 90.0
2249, 94.0
2250, 90.0
2251, 92.0
2252, 96.0
2253, 91.0
2254, 95.0
2255, 93.0
2256, 95.0
2257, 96.0
2258, 96.0
2259, 94.0
2260, 91.0
2261, 94.0
2262, 92.0
2263, 97.0
2264, 90.0
2265, 93.0
2266, 95.0
2267, 97.0
2268, 93.0
2269, 95.0
2270, 96.0
2271, 97.0
2272, 94.0
2273, 90.0
2274, 94.0
2275, 92.0
2276, 97.0
2277, 94.0
2278, 94.0
2279, 97.0
2280, 95.0
2281, 96.0
2282, 91.0
2283, 93.0
2284, 93.0
2285, 92.0
2286, 93.0
2287, 93.0
2288, 94.0
2289, 95.0
2290, 93.0
2291, 95.0
2292, 97.0
2293, 92.0
2294, 95.0
2295, 98.0
2296, 92.0
2297, 96.0
2298, 95.0
2299, 95.0
2300, 91.0
2301, 94.0
2302, 94.0
2303, 93.0
2304, 94.0
2305, 91.0
2306, 95.0
2307, 99.0
2308, 96.0
2309, 95.0
2310, 93.0
2311, 93.0
2312, 91.0
2313, 93.0
2314, 94.0
2315, 91.0
2316, 92.0
2317, 95.0
2318, 91.0
2319, 97.0
2320, 93.0
2321, 96.0
2322, 92.0
2323, 95.0
2324, 94.0
2325, 91.0
2326, 95.0
2327, 94.0
2328, 94.0
2329, 98.0
2330, 91.0
2331, 96.0
2332, 99.0
2333, 96.0
2334, 92.0
2335, 95.0
2336,100.0
2337, 96.0
2338, 94.0
2339, 94.0
2340, 94.0
2341, 94.0
2342, 93.0
2343, 92.0
2344, 93.0
2345, 98.0
2346, 94.0
2347, 99.0
2348, 97.0
2349, 97.0
2350, 96.0
2351, 92.0
2352, 91.0
2353, 95.0
2354, 94.0
2355, 95.0
2356, 91.0
2357, 94.0
2358, 93.0
2359, 93.0
2360, 93.0
2361, 97.0
2362, 88.0
2363, 93.0
2364, 90.0
2365, 95.0
2366, 95.0
2367, 96.0
2368, 93.0
2369, 93.0
2370, 92.0
2371, 94.0
2372, 92.0
2373, 92.0
2374, 94.0
2375, 94.0
2376, 90.0
2377, 94.0
2378, 98.0
2379, 94.0
2380, 91.0
2381, 99.0
2382, 92.0
2383, 95.0
2384, 97.0
2385, 92.0
2386, 93.0
2387, 95.0
2388, 90.0
2389, 95.0
2390, 93.0
2391, 99.0
2392, 92.0
2393, 90.0
2394, 97.0
2395, 97.0
2396, 91.0
2397, 94.0
2398, 94.0
2399, 90.0
2400, 90.0
2401, 94.0
2402, 92.0
2403, 92.0
2404, 92.0
2405, 93.0
2406, 94.0
2407, 92.0
2408, 95.0
2409, 91.0
2410, 94.0
2411, 97.0
2412, 96.0
2413, 93.0
2414, 90.0
2415, 95.0
2416, 93.0
2417, 94.0
2418, 94.0
2419, 95.0
2420, 90.0
2421, 95.0
2422, 91.0
2423, 97.0
2424, 95.0
2425, 97.0
2426, 93.0
2427, 93.0
2428, 92.0
2429, 96.0
2430, 92.0
2431, 98.0
2432, 89.0
2433, 92.0
2434, 86.0
2435, 93.0
2436, 92.0
2437, 92.0
2438, 96.0
2439, 97.0
2440, 92.0
2441, 92.0
2442, 94.0
2443, 96.0
2444, 93.0
2445,100.0
2446, 97.0
2447, 92.0
2448, 94.0
2449, 93.0
2450, 98.0
2451, 97.0
2452, 97.0
2453, 93.0
2454, 90.0
2455,102.0
2456, 94.0
2457, 97.0
2458, 93.0
2459, 97.0
2460, 90.0
2461, 94.0
2462, 92.0
2463, 99.0
2464, 90.0
2465, 96.0
2466, 91.0
2467, 91.0
2468, 95.0
2469, 97.0
2470, 97.0
2471, 95.0
2472, 92.0
2473, 93.0
2474, 92.0
2475, 94.0
2476, 94.0
2477, 91.0
2478, 95.0
2479, 94.0
2480, 93.0
2481, 95.0
2482, 98.0
2483, 94.0
2484, 98.0
2485, 92.0
2486, 93.0
2487, 99.0
2488, 95.0
2489, 99.0
2490, 92.0
2491, 94.0
2492, 96.0
2493, 97.0
2494, 98.0
2495, 92.0
2496, 93.0
2497, 96.0
2498, 95.0
2499, 93.0
2500, 92.0
2501, 91.0
2502, 95.0
2503, 97.0
2504, 97.0
2505, 93.0
2506, 93.0
2507, 95.0
2508, 94.0
2509, 91.0
2510, 92.0
2511, 96.0
2512, 93.0
2513, 95.0
2514, 93.0
2515, 95.0
2516, 97.0
2517, 93.0
2518, 96.0
2519, 90.0
2520, 90.0
2521, 95.0
2522, 95.0
2523, 95.0
2524, 91.0
2525, 96.0
2526, 90.0
2527, 92.0
2528, 93.0
2529, 97.0
2530, 95.0
2531, 97.0
2532, 90.0
2533, 99.0
2534, 96.0
2535, 95.0
2536, 92.0
2537, 95.0
2538, 96.0
2539, 95.0
2540, 98.0
2541, 95.0
2542, 94.0
2543, 95.0
2544, 96.0
2545, 94.0
2546, 96.0
2547, 97.0
2548, 98.0
2549, 91.0
2550, 96.0
2551, 92.0
2552, 97.0
2553, 93.0
2554, 94.0
2555, 92.0
2556, 91.0
2557, 97.0
2558, 90.0
2559, 95.0
2560, 94.0
2561, 94.0
2562,100.0
2563, 93.0
2564, 98.0
2565, 93.0
2566, 92.0
2567, 95.0
2568, 92.0
2569, 94.0
2570, 92.0
2571, 91.0
2572, 94.0
2573, 99.0
2574, 94.0
2575, 94.0
2576, 95.0
2577, 94.0
2578, 91.0
2579, 96.0
2580, 92.0
2581, 93.0
2582, 93.0
2583, 94.0
2584, 96.0
2585, 88.0
2586, 92.0
2587, 92.0
2588, 93.0
2589, 95.0
2590, 94.0
2591, 95.0
2592, 95.0
2593, 95.0
2594, 95.0
2595, 93.0
2596, 97.0
2597, 94.0
2598, 91.0
2599, 95.0
2600, 94.0
2601, 93.0
2602, 95.0
2603, 92.0
2604, 95.0
2605, 91.0
2606, 97.0
2607, 99.0
2608, 98.0
2609, 92.0
2610, 93.0
2611, 95.0
2612, 95.0
2613, 96.0
2614, 96.0
2615, 94.0
2616, 96.0
2617, 92.0
2618, 93.0
2619, 96.0
2620, 93.0
2621, 96.0
2622, 93.0
2623, 94.0
2624, 90.0
2625, 98.0
2626, 93.0
2627, 97.0
2628, 92.0
2629, 91.0
2630, 96.0
2631, 95.0
2632, 90.0
2633, 94.0
2634, 95.0
2635, 99.0
2636, 91.0
2637, 95.0
2638, 98.0
2639, 95.0
2640, 93.0
2641, 92.0
2642, 98.0
2643, 96.0
2644, 97.0
2645, 92.0
2646, 98.0
2647, 92.0
2648, 96.0
2649, 88.0
2650, 94.0
2651, 95.0
2652, 93.0
2653, 95.0
2654, 92.0
2655, 97.0
2656, 92.0
2657, 97.0
2658, 98.0
2659, 94.0
2660, 92.0
2661, 90.0
2662, 90.0
2663, 91.0
2664, 93.0
2665, 95.0
2666, 90.0
2667, 93.0
2668, 98.0
2669, 97.0
2670, 86.0
2671, 94.0
2672, 91.0
2673, 96.0
2674, 96.0
2675, 93.0
2676, 92.0
2677, 92.0
2678, 93.0
2679, 97.0
2680, 93.0
2681, 96.0
2682, 93.0
2683, 95.0
2684, 95.0
2685, 93.0
2686, 96.0
2687, 96.0
2688, 96.0
2689, 94.0
2690, 93.0
2691, 93.0
2692, 93.0
2693, 98.0
2694, 95.0
2695, 96.0
2696, 93.0
2697, 99.0
2698, 88.0
2699, 93.0
2700, 94.0
2701, 94.0
2702, 97.0
2703, 93.0
2704, 98.0
2705, 88.0
2706, 91.0
2707, 96.0
2708, 91.0
2709, 91.0
2710, 92.0
2711, 88.0
2712, 88.0
2713, 95.0
2714, 94.0
2715, 99.0
2716, 95.0
2717, 97.0
2718, 95.0
2719, 97.0
2720, 96.0
2721, 93.0
2722, 93.0
2723, 92.0
2724, 93.0
2725, 94.0
2726, 91.0
2727, 91.0
2728, 94.0
2729, 92.0
2730, 94.0
2731, 99.0
2732, 92.0
2733, 92.0
2734, 91.0
2735, 97.0
2736, 92.0
2737, 94.0
2738, 97.0
2739, 98.0
2740, 91.0
2741,100.0
2742, 96.0
2743, 93.0
2744, 97.0
2745, 97.0
2746, 91.0
2747, 95.0
2748, 96.0
2749, 94.0
2750, 94.0
2751, 94.0
2752, 95.0
2753, 95.0
2754, 95.0
2755, 94.0
2756, 93.0
2757, 92.0
2758, 94.0
2759, 94.0
2760, 95.0
2761, 94.0
2762,101.0
2763, 94.0
2764, 91.0
2765, 98.0
2766, 94.0
2767, 96.0
2768, 92.0
2769, 95.0
2770, 94.0
2771, 93.0
2772, 94.0
2773, 94.0
2774, 95.0
2775, 95.0
2776, 91.0
2777, 97.0
2778, 93.0
2779, 91.0
2780, 97.0
2781, 94.0
2782, 95.0
2783, 91.0
2784, 95.0
2785, 99.0
2786, 99.0
2787, 96.0
2788, 91.0
2789, 96.0
2790,100.0
2791, 96.0
2792, 92.0
2793, 96.0
2794, 93.0
2795, 97.0
2796, 92.0
2797,100.0
2798, 88.0
2799, 97.0
2800, 90.0
2801, 95.0
2802, 95.0
2803, 93.0
2804, 91.0
2805, 95.0
2806, 92.0
2807, 94.0
2808, 95.0
2809, 96.0
2810, 95.0
2811, 97.0
2812, 95.0
2813, 95.0
2814, 95.0
2815, 95.0
2816,100.0
2817, 94.0
2818, 90.0
2819, 95.0
2820, 91.0
2821, 97.0
2822, 92.0
2823, 93.0
2824, 96.0
2825, 96.0
2826, 93.0
2827, 88.0
2828, 94.0
2829, 96.0
2830, 93.0
2831, 94.0
2832,100.0
2833, 97.0
2834, 96.0
2835, 99.0
2836, 95.0
2837, 95.0
2838, 98.0
2839, 94.0
2840, 92.0
2841, 93.0
2842, 93.0
2843,100.0
2844, 92.0
2845, 95.0
2846, 94.0
2847, 96.0
2848, 91.0
2849, 95.0
2850, 94.0
2851, 95.0
2852, 91.0
2853, 99.0
2854, 97.0
2855, 94.0
2856, 97.0
2857, 97.0
2858, 97.0
2859, 94.0
2860, 94.0
2861, 97.0
2862, 93.0
2863, 89.0
2864, 94.0
2865, 96.0
2866, 93.0
2867, 97.0
2868, 94.0
2869, 93.0
2870, 93.0
2871, 90.0
2872, 92.0
2873, 96.0
2874, 89.0
2875, 97.0
2876, 92.0
2877, 95.0
2878, 92.0
2879, 97.0
2880, 92.0
2881, 95.0
2882, 94.0
2883, 97.0
2884, 97.0
2885, 95.0
2886, 95.0
2887, 93.0
2888, 87.0
2889, 95.0
2890, 97.0
2891, 95.0
2892, 91.0
2893, 96.0
2894, 96.0
2895, 96.0
2896, 91.0
2897, 96.0
2898, 93.0
2899, 96.0
2900, 92.0
2901, 96.0
2902, 93.0
2903, 94.0
2904, 92.0
2905, 97.0
2906, 93.0
2907, 97.0
2908, 94.0
2909, 92.0
2910, 94.0
2911, 92.0
2912, 97.0
2913, 92.0
2914, 91.0
2915, 93.0
2916, 99.0
2917, 94.0
2918, 94.0
2919, 98.0
2920, 92.0
2921,100.0
2922, 95.0
2923, 96.0
2924, 92.0
2925, 93.0
2926, 92.0
2927, 92.0
2928, 92.0
2929, 97.0
2930, 91.0
2931, 90.0
2932, 93.0
2933, 97.0
2934, 91.0
2935, 91.0
2936, 91.0
2937, 98.0
2938, 95.0
2939, 94.0
2940, 88.0
2941, 94.0
2942, 96.0
2943, 92.0
2944, 93.0
2945, 95.0
2946, 92.0
2947, 95.0
2948, 93.0
2949, 94.0
2950, 93.0
2951, 92.0
2952, 91.0
2953, 92.0
2954, 90.0
2955, 98.0
2956, 91.0
2957, 92.0
2958, 95.0
2959, 96.0
2960, 97.0
2961, 93.0
2962, 95.0
2963, 92.0
2964, 96.0
2965, 97.0
2966, 95.0
2967, 89.0
2968, 97.0
2969, 94.0
2970, 93.0
2971, 94.0
2972, 94.0
2973, 94.0
2974, 88.0
2975, 97.0
2976, 93.0
2977, 93.0
2978, 96.0
2979,100.0
2980, 95.0
2981, 90.0
2982, 93.0
2983, 91.0
2984, 96.0
2985, 91.0
2986, 97.0
2987, 94.0
2988, 96.0
2989, 90.0
2990, 92.0
2991, 98.0
2992, 95.0
2993, 95.0
2994, 94.0
2995, 99.0
2996, 95.0
2997, 89.0
2998, 93.0
2999, 94.0
3000, 92.0
3001,102.0
3002, 93.0
3003, 97.0
3004, 96.0
3005, 91.0
3006, 99.0
3007, 96.0
3008, 96.0
3009, 98.0
3010, 92.0
3011, 93.0
3012, 92.0
3013, 91.0
3014, 92.0
3015, 90.0
3016, 97.0
3017, 94.0
3018, 94.0
3019, 93.0
3020, 97.0
3021, 91.0
3022, 95.0
3023, 95.0
3024, 95.0
3025, 88.0
3026, 88.0
3027, 91.0
3028, 97.0
3029, 97.0
3030, 94.0
3031, 94.0
3032, 95.0
3033, 96.0
3034, 99.0
3035, 97.0
3036, 96.0
3037, 93.0
3038, 99.0
3039, 95.0
3040, 96.0
3041, 97.0
3042, 95.0
3043, 95.0
3044, 90.0
3045, 97.0
3046, 96.0
3047, 92.0
3048, 96.0
3049, 95.0
3050, 95.0
3051, 95.0
3052, 98.0
3053, 92.0
3054, 92.0
3055, 92.0
3056, 93.0
3057, 90.0
3058, 93.0
3059, 98.0
3060, 94.0
3061, 93.0
3062, 92.0
3063, 94.0
3064, 92.0
3065, 93.0
3066, 93.0
3067,100.0
3068, 99.0
3069, 93.0
3070, 94.0
3071, 95.0
3072, 93.0
3073, 93.0
3074, 96.0
3075, 98.0
3076, 94.0
3077, 97.0
3078, 93.0
3079, 93.0
3080, 95.0
3081, 95.0
3082, 96.0
3083, 93.0
3084, 98.0
3085, 97.0
3086, 94.0
3087, 92.0
3088, 94.0
3089, 95.0
3090, 95.0
3091, 94.0
3092, 96.0
3093, 94.0
3094, 93.0
3095, 96.0
3096, 94.0
3097, 95.0
3098, 92.0
3099, 92.0
3100, 97.0
3101, 95.0
3102, 93.0
3103, 96.0
3104, 95.0
3105, 94.0
3106, 95.0
3107, 97.0
3108, 89.0
3109, 92.0
3110, 95.0
3111, 97.0
3112, 90.0
3113, 98.0
3114, 94.0
3115, 94.0
3116, 93.0
3117, 97.0
3118, 91.0
3119, 95.0
3120, 96.0
3121, 94.0
3122, 98.0
3123, 97.0
3124, 96.0
3125, 95.0
3126, 96.0
3127, 97.0
3128, 95.0
3129, 94.0
3130, 96.0
3131, 94.0
3132, 94.0
3133, 93.0
3134, 95.0
3135, 97.0
3136, 93.0
3137, 97.0
3138, 93.0
3139, 95.0
3140, 95.0
3141, 96.0
3142, 96.0
3143, 99.0
3144, 97.0
3145, 91.0
3146, 99.0
3147, 94.0
3148, 95.0
3149, 93.0
3150, 92.0
3151, 96.0
3152, 95.0
3153, 95.0
3154, 94.0
3155, 94.0
3156, 93.0
3157, 90.0
3158, 94.0
3159, 95.0
3160, 90.0
3161, 92.0
3162, 92.0
3163, 93.0
3164, 95.0
3165, 96.0
3166, 97.0
3167,100.0
3168, 95.0
3169, 95.0
3170, 90.0
3171, 99.0
3172, 94.0
3173, 90.0
3174, 95.0
3175, 97.0
3176, 94.0
3177, 94.0
3178, 93.0
3179, 94.0
3180, 93.0
3181, 97.0
3182,102.0
3183, 98.0
3184, 92.0
3185, 92.0
3186, 93.0
3187, 93.0
3188, 93.0
3189, 93.0
3190, 96.0
3191, 95.0
3192, 95.0
3193, 95.0
3194, 97.0
3195, 94.0
3196, 95.0
3197, 95.0
3198, 91.0
3199, 92.0
3200, 95.0
3201, 95.0
3202, 91.0
3203, 95.0
3204,100.0
3205, 96.0
3206, 97.0
3207, 94.0
3208, 94.0
3209, 95.0
3210, 93.0
3211, 98.0
3212, 96.0
3213, 96.0
3214, 94.0
3215, 92.0
3216, 93.0
3217, 97.0
3218, 95.0
3219, 97.0
3220, 99.0
3221, 93.0
3222, 94.0
3223, 95.0
3224, 91.0
3225, 98.0
3226, 91.0
3227, 95.0
3228, 95.0
3229, 95.0
3230, 95.0
3231, 93.0
3232, 95.0
3233, 93.0
3234, 96.0
3235, 94.0
3236, 95.0
3237, 94.0
3238, 90.0
3239, 93.0
3240, 93.0
3241, 98.0
3242, 99.0
3243, 96.0
3244, 91.0
3245, 95.0
3246, 97.0
3247, 94.0
3248, 96.0
3249, 97.0
3250, 96.0
3251, 96.0
3252, 95.0
3253, 93.0
3254, 94.0
3255, 94.0
3256, 91.0
3257, 94.0
3258, 93.0
3259, 97.0
3260, 97.0
3261, 98.0
3262, 89.0
3263, 97.0
3264, 94.0
3265, 95.0
3266, 95.0
3267, 92.0
3268, 95.0
3269, 95.0
3270, 94.0
3271, 95.0
3272, 95.0
3273, 95.0
3274, 97.0
3275, 94.0
3276, 97.0
3277, 96.0
3278, 96.0
3279, 97.0
3280, 95.0
3281, 96.0
3282, 95.0
3283, 93.0
3284, 92.0
3285, 96.0
3286, 96.0
3287, 91.0
3288, 97.0
3289, 97.0
3290, 99.0
3291, 96.0
3292, 92.0
3293, 96.0
3294, 91.0
3295, 96.0
3296, 94.0
3297, 93.0
3298, 93.0
3299, 94.0
3300, 96.0
3301, 97.0
3302, 96.0
3303, 95.0
3304, 95.0
3305, 96.0
3306, 96.0
3307, 97.0
3308, 94.0
3309, 96.0
3310, 94.0
3311, 93.0
3312, 92.0
3313, 96.0
3314, 96.0
3315, 94.0
3316, 93.0
3317, 94.0
3318, 93.0
3319, 94.0
3320, 95.0
3321, 98.0
3322, 97.0
3323, 95.0
3324, 95.0
3325, 96.0
3326, 92.0
3327, 95.0
3328, 94.0
3329, 96.0
3330, 93.0
3331, 93.0
3332, 93.0
3333, 95.0
3334, 95.0
3335, 96.0
3336, 93.0
3337, 94.0
3338, 94.0
3339, 95.0
3340, 91.0
3341, 92.0
3342, 95.0
3343, 96.0
3344, 97.0
3345, 96.0
3346, 94.0
3347, 98.0
3348, 95.0
3349, 93.0
3350, 89.0
3351, 94.0
3352, 92.0
3353, 94.0
3354, 94.0
3355, 99.0
3356, 94.0
3357, 94.0
3358, 94.0
3359, 96.0
3360, 88.0
3361, 97.0
3362, 88.0
3363, 99.0
3364, 95.0
3365, 96.0
3366, 95.0
3367, 93.0
3368, 95.0
3369, 92.0
3370, 94.0
3371, 96.0
3372, 98.0
3373, 95.0
3374, 94.0
3375, 94.0
3376, 95.0
3377, 95.0
3378, 93.0
3379, 98.0
3380, 95.0
3381, 96.0
3382, 96.0
3383, 94.0
3384, 97.0
3385, 98.0
3386, 95.0
3387, 93.0
3388, 94.0
3389, 98.0
3390, 94.0
3391,100.0
3392, 94.0
3393, 95.0
3394, 95.0
3395, 94.0
3396, 90.0
3397, 95.0
3398, 90.0
3399, 93.0
3400, 92.0
3401, 94.0
3402, 91.0
3403, 95.0
3404, 93.0
3405, 94.0
3406, 94.0
3407, 94.0
3408, 93.0
3409, 94.0
3410, 93.0
3411, 92.0
3412, 93.0
3413, 92.0
3414, 92.0
3415, 96.0
3416, 93.0
3417, 93.0
3418, 96.0
3419, 96.0
3420, 92.0
3421, 90.0
3422, 92.0
3423, 94.0
3424, 94.0
3425, 96.0
3426, 97.0
3427, 93.0
3428, 98.0
3429, 93.0
3430, 93.0
3431, 98.0
3432, 97.0
3433, 93.0
3434, 96.0
3435, 97.0
3436,101.0
3437, 94.0
3438, 97.0
3439, 96.0
3440, 97.0
3441, 99.0
3442, 95.0
3443, 99.0
3444, 93.0
3445, 98.0
3446, 95.0
3447, 92.0
3448, 94.0
3449, 94.0
3450, 91.0
3451, 96.0
3452, 94.0
3453, 96.0
3454, 94.0
3455, 99.0
3456, 96.0
3457, 93.0
3458, 93.0
3459, 95.0
3460, 97.0
3461, 93.0
3462, 95.0
3463, 93.0
3464, 95.0
3465, 90.0
3466, 95.0
3467, 91.0
3468,100.0
3469, 93.0
3470, 97.0
3471, 96.0
3472, 92.0
3473, 94.0
3474, 96.0
3475, 93.0
3476, 93.0
3477, 97.0
3478, 97.0
3479, 94.0
3480, 94.0
3481, 90.0
3482, 92.0
3483, 91.0
3484, 95.0
3485, 97.0
3486, 88.0
3487, 92.0
3488, 94.0
3489, 98.0
3490, 95.0
3491, 92.0
3492, 95.0
3493, 92.0
3494, 95.0
3495, 94.0
3496,101.0
3497, 95.0
3498, 99.0
3499, 94.0
3500, 95.0
3501, 93.0
3502, 98.0
3503, 97.0
3504, 92.0
3505, 93.0
3506, 94.0
3507, 95.0
3508, 94.0
3509, 94.0
3510, 94.0
3511, 94.0
3512, 94.0
3513, 95.0
3514, 94.0
3515, 99.0
3516, 98.0
3517, 97.0
3518, 94.0
3519, 96.0
3520, 94.0
3521, 93.0
3522, 91.0
3523, 98.0
3524, 92.0
3525, 89.0
3526, 98.0
3527, 92.0
3528, 96.0
3529, 95.0
3530, 95.0
3531, 91.0
3532, 94.0
3533, 92.0
3534, 93.0
3535, 91.0
3536, 94.0
3537, 97.0
3538, 92.0
3539, 94.0
3540, 93.0
3541, 94.0
3542, 93.0
3543, 97.0
3544,101.0
3545, 98.0
3546, 95.0
3547, 98.0
3548, 93.0
3549,100.0
3550, 90.0
3551, 90.0
3552, 95.0
3553, 94.0
3554, 95.0
3555, 97.0
3556, 95.0
3557, 96.0
3558, 95.0
3559, 90.0
3560, 91.0
3561, 89.0
3562, 99.0
3563, 95.0
3564, 97.0
3565, 89.0
3566, 99.0
3567, 94.0
3568, 96.0
3569, 96.0
3570, 97.0
3571, 98.0
3572, 97.0
3573, 94.0
3574, 94.0
3575, 95.0
3576, 95.0
3577, 95.0
3578, 98.0
3579, 95.0
3580, 88.0
3581, 95.0
3582, 97.0
3583, 99.0
3584, 94.0
3585, 94.0
3586, 97.0
3587, 96.0
3588,101.0
3589, 96.0
3590, 91.0
3591, 98.0
3592, 97.0
3593, 94.0
3594, 98.0
3595, 97.0
3596, 91.0
3597, 96.0
3598, 93.0
3599, 96.0
3600, 97.0
3601, 94.0
3602, 90.0
3603, 95.0
3604, 93.0
3605, 93.0
3606, 96.0
3607, 94.0
3608, 88.0
3609, 95.0
3610, 95.0
3611, 97.0
3612, 95.0
3613, 97.0
3614, 94.0
3615, 96.0
3616, 95.0
3617, 96.0
3618, 97.0
3619, 96.0
3620, 99.0
3621, 96.0
3622, 97.0
3623, 94.0
3624, 95.0
3625, 96.0
3626, 93.0
3627, 95.0
3628, 93.0
3629, 95.0
3630, 95.0
3631,100.0
3632, 96.0
3633, 96.0
3634, 94.0
3635, 96.0
3636, 98.0
3637, 99.0
3638, 95.0
3639, 96.0
3640, 94.0
3641, 94.0
3642, 96.0
3643, 97.0
3644, 98.0
3645, 95.0
3646, 95.0
3647,  1.0

