Single
3648
Scan 0,   
0, 94.0
1, 94.0
2, 99.0
3, 94.0
4, 93.0
5, 91.0
6, 95.0
7, 95.0
8,100.0
9, 92.0
10, 96.0
11, 95.0
12, 92.0
13, 97.0
14, 93.0
15, 94.0
16, 95.0
17,100.0
18, 89.0
19, 95.0
20, 93.0
21, 93.0
22, 90.0
23, 97.0
24, 95.0
25, 94.0
26, 95.0
27, 95.0
28, 93.0
29, 91.0
30, 92.0
31, 99.0
32, 96.0
33, 96.0
34, 92.0
35, 95.0
36, 95.0
37, 95.0
38, 92.0
39, 97.0
40, 93.0
41, 94.0
42, 99.0
43, 93.0
44, 92.0
45, 99.0
46, 95.0
47, 95.0
48, 93.0
49, 92.0
50, 95.0
51, 97.0
52, 93.0
53, 94.0
54, 93.0
55, 96.0
56, 92.0
57, 97.0
58, 93.0
59, 94.0
60, 91.0
61, 94.0
62, 91.0
63,102.0
64, 94.0
65, 97.0
66, 95.0
67, 95.0
68, 95.0
69, 93.0
70, 92.0
71, 88.0
72, 92.0
73, 94.0
74, 89.0
75, 95.0
76, 93.0
77, 88.0
78, 97.0
79, 97.0
80, 94.0
81, 95.0
82, 98.0
83, 95.0
84, 94.0
85, 97.0
86, 90.0
87, 95.0
88, 93.0
89, 93.0
90, 93.0
91, 95.0
92, 92.0
93, 94.0
94, 94.0
95, 92.0
96, 93.0
97, 92.0
98, 96.0
99, 92.0
100, 90.0
101, 95.0
102, 96.0
103, 93.0
104, 91.0
105, 93.0
106, 90.0
107, 93.0
108, 93.0
109, 90.0
110, 92.0
111, 93.0
112, 91.0
113, 94.0
114, 91.0
115, 91.0
116, 88.0
117, 95.0
118, 92.0
119, 96.0
120, 95.0
121, 95.0
122, 94.0
123, 96.0
124, 94.0
125, 94.0
126, 91.0
127, 92.0
128, 98.0
129, 96.0
130, 91.0
131, 96.0
132, 95.0
133, 94.0
134, 95.0
135, 96.0
136, 91.0
137, 91.0
138, 95.0
139, 94.0
140, 95.0
141, 97.0
142, 93.0
143, 95.0
144, 91.0
145, 94.0
146, 94.0
147, 98.0
148, 87.0
149, 99.0
150, 94.0
151, 96.0
152, 95.0
153, 93.0
154, 93.0
155, 99.0
156, 96.0
157, 96.0
158, 94.0
159, 97.0
160, 88.0
161, 94.0
162, 91.0
163, 99.0
164, 94.0
165, 92.0
166, 96.0
167, 95.0
168, 96.0
169, 93.0
170, 98.0
171, 96.0
172, 94.0
173, 92.0
174, 95.0
175, 88.0
176, 95.0
177, 92.0
178, 94.0
179, 92.0
180, 96.0
181, 96.0
182, 91.0
183, 92.0
184, 98.0
185, 94.0
186, 93.0
187, 95.0
188, 92.0
189,100.0
190, 94.0
191, 93.0
192, 93.0
193, 95.0
194, 94.0
195, 91.0
196, 92.0
197, 98.0
198, 92.0
199, 94.0
200, 92.0
201, 93.0
202, 96.0
203, 93.0
204, 93.0
205, 94.0
206, 93.0
207, 96.0
208, 96.0
209, 94.0
210, 92.0
211, 98.0
212, 95.0
213, 92.0
214, 95.0
215, 92.0
216, 94.0
217, 94.0
218, 95.0
219, 90.0
220, 93.0
221, 97.0
222, 97.0
223, 96.0
224, 93.0
225, 95.0
226, 92.0
227, 97.0
228, 96.0
229, 94.0
230, 94.0
231, 93.0
232,100.0
233, 88.0
234, 92.0
235, 92.0
236, 92.0
237, 89.0
238, 97.0
239, 94.0
240, 95.0
241, 94.0
242, 93.0
243, 96.0
244, 92.0
245, 95.0
246, 93.0
247, 95.0
248, 90.0
249, 94.0
250, 89.0
251, 95.0
252, 90.0
253, 94.0
254, 95.0
255, 95.0
256, 93.0
257, 94.0
258,100.0
259, 92.0
260, 90.0
261, 96.0
262, 93.0
263, 92.0
264, 95.0
265, 96.0
266, 92.0
267, 96.0
268, 95.0
269, 91.0
270, 93.0
271, 95.0
272, 95.0
273, 88.0
274, 91.0
275, 94.0
276, 99.0
277, 92.0
278, 92.0
279, 95.0
280, 91.0
281, 95.0
282, 93.0
283, 94.0
284, 93.0
285, 93.0
286, 93.0
287, 94.0
288, 97.0
289, 91.0
290, 94.0
291, 95.0
292, 92.0
293, 99.0
294, 95.0
295, 92.0
296, 92.0
297, 92.0
298, 92.0
299, 94.0
300, 92.0
301, 90.0
302, 91.0
303, 94.0
304, 93.0
305, 91.0
306, 93.0
307, 87.0
308, 94.0
309, 96.0
310, 90.0
311, 91.0
312, 93.0
313, 97.0
314, 94.0
315, 94.0
316, 93.0
317, 97.0
318, 94.0
319, 90.0
320, 94.0
321, 93.0
322, 95.0
323, 94.0
324, 92.0
325, 95.0
326, 93.0
327, 95.0
328, 92.0
329, 93.0
330, 93.0
331, 95.0
332, 97.0
333, 93.0
334, 95.0
335, 91.0
336, 94.0
337, 94.0
338, 91.0
339, 94.0
340, 92.0
341, 93.0
342, 94.0
343, 93.0
344, 92.0
345, 96.0
346, 94.0
347, 95.0
348, 91.0
349, 94.0
350, 97.0
351, 96.0
352, 95.0
353, 88.0
354, 95.0
355, 90.0
356, 92.0
357, 92.0
358, 94.0
359, 95.0
360, 93.0
361, 92.0
362, 93.0
363, 98.0
364, 93.0
365, 95.0
366, 93.0
367, 91.0
368, 95.0
369, 91.0
370, 90.0
371, 91.0
372, 90.0
373, 93.0
374, 86.0
375, 95.0
376, 88.0
377, 92.0
378, 93.0
379, 96.0
380, 94.0
381, 91.0
382, 95.0
383, 93.0
384, 95.0
385, 91.0
386, 93.0
387, 94.0
388, 95.0
389, 93.0
390, 97.0
391, 96.0
392, 95.0
393, 97.0
394, 88.0
395, 99.0
396, 97.0
397, 96.0
398, 97.0
399, 90.0
400, 96.0
401, 93.0
402, 98.0
403, 96.0
404, 88.0
405, 94.0
406, 95.0
407, 96.0
408, 91.0
409, 95.0
410, 95.0
411, 93.0
412, 93.0
413, 93.0
414, 91.0
415, 93.0
416, 97.0
417, 93.0
418, 97.0
419, 93.0
420, 91.0
421, 96.0
422, 93.0
423, 91.0
424, 96.0
425, 94.0
426, 98.0
427, 92.0
428, 92.0
429, 93.0
430, 90.0
431,102.0
432, 91.0
433, 93.0
434, 95.0
435, 96.0
436, 93.0
437, 92.0
438, 98.0
439, 98.0
440, 92.0
441, 93.0
442, 95.0
443, 93.0
444, 89.0
445,101.0
446, 91.0
447, 96.0
448, 96.0
449, 96.0
450, 92.0
451, 92.0
452, 95.0
453, 93.0
454, 96.0
455, 98.0
456, 93.0
457, 97.0
458, 92.0
459, 94.0
460, 96.0
461, 93.0
462, 92.0
463, 88.0
464, 95.0
465, 95.0
466, 98.0
467, 88.0
468, 97.0
469, 88.0
470, 96.0
471,100.0
472, 95.0
473, 95.0
474, 96.0
475, 92.0
476, 95.0
477, 94.0
478, 91.0
479, 98.0
480, 97.0
481, 99.0
482, 91.0
483, 99.0
484, 94.0
485, 96.0
486, 94.0
487, 95.0
488, 94.0
489, 91.0
490, 88.0
491, 95.0
492, 93.0
493, 93.0
494, 94.0
495, 94.0
496, 97.0
497, 93.0
498, 93.0
499, 94.0
500, 92.0
501, 98.0
502, 94.0
503, 91.0
504, 93.0
505, 96.0
506, 93.0
507, 94.0
508, 94.0
509, 90.0
510, 96.0
511, 96.0
512, 94.0
513, 94.0
514, 94.0
515, 93.0
516, 96.0
517, 90.0
518, 89.0
519, 91.0
520, 94.0
521, 90.0
522, 93.0
523, 97.0
524, 96.0
525, 95.0
526, 95.0
527, 95.0
528, 92.0
529, 97.0
530, 95.0
531, 96.0
532, 91.0
533, 97.0
534, 96.0
535, 95.0
536, 96.0
537, 99.0
538, 97.0
539, 90.0
540, 97.0
541, 94.0
542, 98.0
543, 94.0
544, 89.0
545, 91.0
546, 96.0
547, 93.0
548, 96.0
549, 92.0
550, 95.0
551, 90.0
552, 94.0
553, 95.0
554, 91.0
555, 93.0
556, 92.0
557, 93.0
558, 93.0
559, 96.0
560, 92.0
561, 97.0
562, 94.0
563, 94.0
564, 94.0
565, 95.0
566, 93.0
567, 97.0
568, 93.0
569, 94.0
570, 98.0
571, 90.0
572, 90.0
573, 93.0
574, 91.0
575, 97.0
576, 95.0
577, 98.0
578, 90.0
579, 96.0
580, 91.0
581, 94.0
582, 97.0
583, 96.0
584, 95.0
585, 96.0
586, 92.0
587, 96.0
588, 90.0
589, 92.0
590, 92.0
591, 99.0
592, 93.0
593, 93.0
594, 96.0
595, 99.0
596, 95.0
597, 96.0
598, 98.0
599, 92.0
600, 97.0
601, 93.0
602, 89.0
603, 95.0
604, 90.0
605, 96.0
606, 95.0
607, 89.0
608, 89.0
609, 98.0
610, 93.0
611, 92.0
612, 96.0
613, 95.0
614, 98.0
615, 91.0
616, 94.0
617,100.0
618, 93.0
619, 91.0
620, 94.0
621, 93.0
622, 95.0
623, 96.0
624, 95.0
625, 90.0
626, 93.0
627, 97.0
628, 89.0
629, 94.0
630, 93.0
631, 92.0
632, 94.0
633, 91.0
634, 94.0
635, 90.0
636, 99.0
637, 94.0
638, 88.0
639, 93.0
640, 94.0
641, 90.0
642, 90.0
643, 94.0
644,101.0
645, 98.0
646, 97.0
647, 93.0
648, 93.0
649, 93.0
650, 94.0
651, 93.0
652, 93.0
653, 93.0
654, 94.0
655, 94.0
656, 90.0
657, 94.0
658, 97.0
659, 97.0
660, 92.0
661, 99.0
662, 90.0
663, 98.0
664, 93.0
665, 94.0
666, 94.0
667,100.0
668, 96.0
669, 94.0
670, 98.0
671, 91.0
672, 97.0
673, 95.0
674, 94.0
675, 95.0
676, 99.0
677, 95.0
678, 99.0
679, 95.0
680, 93.0
681, 96.0
682, 93.0
683, 92.0
684, 94.0
685, 97.0
686, 93.0
687, 91.0
688, 92.0
689, 92.0
690, 93.0
691, 95.0
692, 90.0
693, 93.0
694, 88.0
695, 96.0
696, 94.0
697, 95.0
698, 95.0
699, 97.0
700, 93.0
701, 97.0
702, 95.0
703, 91.0
704, 97.0
705, 95.0
706, 97.0
707, 91.0
708, 96.0
709, 94.0
710, 91.0
711, 97.0
712, 92.0
713, 97.0
714, 93.0
715, 96.0
716, 95.0
717, 94.0
718, 98.0
719, 95.0
720, 98.0
721, 93.0
722, 95.0
723, 96.0
724, 88.0
725, 94.0
726, 95.0
727, 96.0
728, 94.0
729, 94.0
730, 93.0
731, 90.0
732, 93.0
733, 92.0
734, 92.0
735, 95.0
736, 93.0
737, 97.0
738, 96.0
739, 99.0
740, 95.0
741, 96.0
742, 93.0
743, 96.0
744, 93.0
745, 92.0
746, 91.0
747, 93.0
748, 96.0
749, 90.0
750, 92.0
751, 92.0
752, 94.0
753, 96.0
754, 95.0
755, 95.0
756, 93.0
757, 96.0
758, 93.0
759, 94.0
760, 95.0
761, 95.0
762, 94.0
763, 93.0
764, 98.0
765, 92.0
766, 96.0
767, 93.0
768, 97.0
769, 97.0
770, 95.0
771, 90.0
772, 93.0
773, 93.0
774, 92.0
775, 96.0
776, 94.0
777, 95.0
778, 92.0
779, 93.0
780, 92.0
781, 93.0
782, 91.0
783, 94.0
784, 93.0
785, 92.0
786, 88.0
787, 92.0
788, 95.0
789, 97.0
790, 95.0
791, 90.0
792, 95.0
793, 95.0
794, 95.0
795, 97.0
796, 91.0
797, 96.0
798, 95.0
799, 94.0
800, 96.0
801, 94.0
802, 98.0
803, 95.0
804, 95.0
805, 94.0
806, 92.0
807, 97.0
808, 95.0
809,100.0
810, 96.0
811, 95.0
812, 92.0
813, 95.0
814, 95.0
815, 94.0
816, 96.0
817,100.0
818, 88.0
819, 91.0
820, 99.0
821, 93.0
822, 93.0
823, 97.0
824, 93.0
825, 97.0
826, 94.0
827, 95.0
828, 96.0
829, 94.0
830, 95.0
831, 96.0
832, 89.0
833, 92.0
834, 94.0
835, 92.0
836, 94.0
837, 95.0
838, 97.0
839, 96.0
840, 92.0
841, 95.0
842, 95.0
843, 93.0
844, 95.0
845, 93.0
846, 95.0
847, 90.0
848, 92.0
849, 94.0
850, 96.0
851, 97.0
852, 95.0
853, 95.0
854, 92.0
855, 91.0
856, 92.0
857, 97.0
858, 92.0
859, 95.0
860, 92.0
861, 91.0
862, 94.0
863, 93.0
864, 95.0
865, 96.0
866, 94.0
867, 99.0
868, 96.0
869, 91.0
870, 95.0
871, 93.0
872, 94.0
873, 93.0
874, 91.0
875, 94.0
876, 94.0
877, 95.0
878, 95.0
879, 92.0
880, 93.0
881, 92.0
882, 95.0
883, 89.0
884, 94.0
885, 97.0
886, 91.0
887, 91.0
888, 93.0
889, 94.0
890, 93.0
891, 97.0
892, 97.0
893, 93.0
894, 91.0
895, 95.0
896, 92.0
897, 92.0
898, 92.0
899, 95.0
900, 94.0
901, 97.0
902, 97.0
903, 95.0
904, 93.0
905, 98.0
906, 94.0
907, 98.0
908, 92.0
909, 95.0
910, 96.0
911, 95.0
912, 92.0
913, 97.0
914, 90.0
915, 91.0
916, 94.0
917, 91.0
918, 97.0
919, 94.0
920, 96.0
921, 94.0
922, 94.0
923, 94.0
924, 94.0
925, 93.0
926, 92.0
927, 95.0
928, 92.0
929, 94.0
930, 95.0
931, 92.0
932, 93.0
933, 99.0
934, 91.0
935, 92.0
936, 93.0
937, 97.0
938, 92.0
939, 98.0
940, 95.0
941, 94.0
942, 96.0
943, 92.0
944, 90.0
945, 95.0
946, 94.0
947, 97.0
948, 91.0
949, 89.0
950, 96.0
951, 99.0
952, 95.0
953, 96.0
954, 93.0
955, 91.0
956, 93.0
957, 95.0
958, 97.0
959, 93.0
960, 95.0
961, 98.0
962, 96.0
963, 96.0
964, 95.0
965, 95.0
966, 92.0
967, 93.0
968, 96.0
969, 93.0
970, 96.0
971, 91.0
972, 97.0
973, 95.0
974, 95.0
975, 95.0
976, 97.0
977, 94.0
978, 95.0
979, 95.0
980, 98.0
981, 98.0
982, 95.0
983, 96.0
984, 95.0
985, 95.0
986, 93.0
987, 92.0
988, 92.0
989, 98.0
990, 95.0
991, 91.0
992, 95.0
993, 97.0
994, 93.0
995, 95.0
996, 93.0
997, 96.0
998, 91.0
999, 95.0
1000, 96.0
1001, 96.0
1002, 95.0
1003, 94.0
1004, 98.0
1005, 96.0
1006, 93.0
1007, 93.0
1008, 92.0
1009, 95.0
1010, 93.0
1011, 90.0
1012, 95.0
1013, 93.0
1014, 92.0
1015, 93.0
1016, 95.0
1017, 95.0
1018, 95.0
1019, 96.0
1020,100.0
1021, 93.0
1022, 91.0
1023,100.0
1024, 95.0
1025, 96.0
1026, 95.0
1027, 95.0
1028, 95.0
1029, 96.0
1030, 93.0
1031, 89.0
1032, 94.0
1033, 90.0
1034, 95.0
1035, 95.0
1036, 95.0
1037, 96.0
1038, 92.0
1039, 94.0
1040, 96.0
1041, 94.0
1042, 93.0
1043, 95.0
1044, 97.0
1045, 94.0
1046, 97.0
1047, 97.0
1048, 95.0
1049, 93.0
1050, 97.0
1051, 91.0
1052, 92.0
1053, 95.0
1054, 96.0
1055, 95.0
1056, 93.0
1057, 95.0
1058,102.0
1059, 95.0
1060, 93.0
1061, 97.0
1062, 96.0
1063, 95.0
1064, 92.0
1065, 91.0
1066, 91.0
1067, 93.0
1068, 91.0
1069, 92.0
1070, 95.0
1071, 95.0
1072, 94.0
1073, 96.0
1074, 95.0
1075, 95.0
1076, 94.0
1077, 98.0
1078, 95.0
1079, 92.0
1080, 98.0
1081, 92.0
1082, 93.0
1083, 95.0
1084, 94.0
1085, 92.0
1086, 93.0
1087, 95.0
1088, 96.0
1089, 97.0
1090, 89.0
1091, 96.0
1092, 99.0
1093, 94.0
1094, 96.0
1095, 94.0
1096, 94.0
1097, 93.0
1098, 96.0
1099, 97.0
1100, 89.0
1101, 96.0
1102, 93.0
1103, 99.0
1104, 97.0
1105, 97.0
1106, 93.0
1107, 93.0
1108, 97.0
1109, 93.0
1110, 92.0
1111,100.0
1112,101.0
1113, 92.0
1114, 92.0
1115, 95.0
1116, 97.0
1117, 92.0
1118, 99.0
1119, 91.0
1120, 96.0
1121, 95.0
1122, 95.0
1123, 94.0
1124, 96.0
1125, 97.0
1126, 95.0
1127, 96.0
1128, 95.0
1129, 91.0
1130, 92.0
1131, 94.0
1132, 95.0
1133, 94.0
1134, 96.0
1135, 94.0
1136, 93.0
1137, 97.0
1138, 94.0
1139, 93.0
1140, 94.0
1141, 96.0
1142, 94.0
1143, 95.0
1144, 96.0
1145, 90.0
1146, 94.0
1147, 93.0
1148, 95.0
1149, 95.0
1150, 95.0
1151, 92.0
1152, 96.0
1153, 97.0
1154, 92.0
1155, 93.0
1156, 92.0
1157, 92.0
1158, 95.0
1159, 97.0
1160, 93.0
1161, 93.0
1162, 91.0
1163, 97.0
1164, 93.0
1165, 91.0
1166, 94.0
1167, 97.0
1168, 90.0
1169, 93.0
1170, 93.0
1171, 94.0
1172, 97.0
1173, 89.0
1174, 92.0
1175, 98.0
1176, 91.0
1177, 95.0
1178, 95.0
1179, 95.0
1180, 92.0
1181, 94.0
1182, 88.0
1183, 96.0
1184, 94.0
1185, 95.0
1186, 93.0
1187, 99.0
1188, 96.0
1189, 98.0
1190, 92.0
1191, 96.0
1192, 97.0
1193, 91.0
1194, 90.0
1195, 94.0
1196, 87.0
1197, 92.0
1198, 92.0
1199, 97.0
1200, 94.0
1201, 98.0
1202, 91.0
1203, 97.0
1204, 93.0
1205, 99.0
1206, 91.0
1207, 96.0
1208, 92.0
1209, 96.0
1210, 92.0
1211, 92.0
1212, 95.0
1213, 91.0
1214, 98.0
1215, 93.0
1216, 97.0
1217, 94.0
1218, 94.0
1219, 96.0
1220, 91.0
1221, 93.0
1222, 95.0
1223, 97.0
1224, 93.0
1225, 94.0
1226, 90.0
1227, 96.0
1228, 94.0
1229, 94.0
1230, 99.0
1231, 96.0
1232, 97.0
1233, 88.0
1234, 91.0
1235, 96.0
1236, 93.0
1237, 96.0
1238, 94.0
1239, 96.0
1240, 95.0
1241, 92.0
1242, 96.0
1243, 93.0
1244, 98.0
1245,101.0
1246, 94.0
1247, 93.0
1248, 95.0
1249, 92.0
1250, 94.0
1251, 94.0
1252, 97.0
1253, 96.0
1254, 95.0
1255, 93.0
1256, 94.0
1257, 95.0
1258, 95.0
1259, 94.0
1260, 98.0
1261, 97.0
1262, 96.0
1263, 91.0
1264, 96.0
1265, 98.0
1266, 90.0
1267, 92.0
1268, 92.0
1269, 93.0
1270, 98.0
1271, 93.0
1272, 91.0
1273, 94.0
1274, 92.0
1275, 91.0
1276, 96.0
1277, 94.0
1278, 90.0
1279, 95.0
1280, 94.0
1281, 98.0
1282, 95.0
1283, 94.0
1284, 91.0
1285, 96.0
1286, 97.0
1287, 94.0
1288, 96.0
1289, 93.0
1290, 96.0
1291, 97.0
1292, 94.0
1293, 93.0
1294, 92.0
1295, 97.0
1296, 95.0
1297, 94.0
1298, 92.0
1299, 93.0
1300, 94.0
1301, 96.0
1302, 90.0
1303, 95.0
1304, 92.0
1305, 93.0
1306, 95.0
1307, 91.0
1308, 97.0
1309, 92.0
1310, 95.0
1311, 95.0
1312, 92.0
1313, 97.0
1314,100.0
1315, 93.0
1316, 90.0
1317, 94.0
1318, 90.0
1319, 96.0
1320, 93.0
1321, 91.0
1322, 94.0
1323, 93.0
1324, 93.0
1325, 95.0
1326, 97.0
1327, 96.0
1328, 95.0
1329, 95.0
1330, 92.0
1331, 97.0
1332, 95.0
1333, 90.0
1334, 94.0
1335, 96.0
1336, 95.0
1337, 88.0
1338, 98.0
1339, 93.0
1340, 93.0
1341, 95.0
1342, 92.0
1343, 95.0
1344, 93.0
1345, 94.0
1346, 95.0
1347, 98.0
1348, 95.0
1349, 97.0
1350, 95.0
1351, 94.0
1352, 91.0
1353, 94.0
1354, 94.0
1355, 96.0
1356, 94.0
1357, 95.0
1358, 91.0
1359, 93.0
1360, 95.0
1361, 91.0
1362, 96.0
1363, 95.0
1364, 89.0
1365,100.0
1366, 92.0
1367, 95.0
1368, 96.0
1369, 93.0
1370, 94.0
1371, 97.0
1372, 93.0
1373, 95.0
1374, 93.0
1375, 94.0
1376, 93.0
1377, 89.0
1378, 95.0
1379, 92.0
1380, 90.0
1381, 95.0
1382, 90.0
1383, 95.0
1384, 95.0
1385, 96.0
1386, 95.0
1387, 91.0
1388, 91.0
1389, 95.0
1390, 93.0
1391, 96.0
1392, 94.0
1393, 90.0
1394, 91.0
1395, 99.0
1396, 95.0
1397, 91.0
1398, 92.0
1399, 98.0
1400, 94.0
1401, 97.0
1402, 92.0
1403, 94.0
1404, 89.0
1405, 93.0
1406, 92.0
1407, 94.0
1408, 93.0
1409, 94.0
1410, 93.0
1411, 96.0
1412, 95.0
1413, 93.0
1414, 90.0
1415, 95.0
1416, 95.0
1417, 97.0
1418, 91.0
1419, 90.0
1420, 99.0
1421, 94.0
1422, 91.0
1423, 94.0
1424, 90.0
1425, 92.0
1426, 98.0
1427, 94.0
1428, 97.0
1429, 97.0
1430, 97.0
1431, 93.0
1432, 95.0
1433, 94.0
1434, 94.0
1435, 95.0
1436, 93.0
1437, 95.0
1438, 95.0
1439, 94.0
1440, 94.0
1441, 89.0
1442, 90.0
1443, 95.0
1444, 96.0
1445, 87.0
1446, 88.0
1447, 99.0
1448, 92.0
1449, 94.0
1450, 93.0
1451, 89.0
1452, 92.0
1453, 90.0
1454, 92.0
1455, 96.0
1456, 90.0
1457, 93.0
1458, 93.0
1459, 90.0
1460, 88.0
1461, 94.0
1462, 93.0
1463, 91.0
1464, 95.0
1465, 93.0
1466, 92.0
1467, 95.0
1468, 98.0
1469, 92.0
1470, 92.0
1471, 93.0
1472, 97.0
1473, 95.0
1474, 92.0
1475, 91.0
1476, 93.0
1477, 91.0
1478, 92.0
1479, 90.0
1480, 92.0
1481, 93.0
1482, 95.0
1483, 91.0
1484, 93.0
1485, 96.0
1486, 85.0
1487, 97.0
1488, 95.0
1489, 92.0
1490, 93.0
1491, 91.0
1492, 93.0
1493, 93.0
1494, 89.0
1495, 91.0
1496, 93.0
1497, 90.0
1498, 95.0
1499, 94.0
1500, 95.0
1501, 94.0
1502, 96.0
1503, 87.0
1504, 93.0
1505, 90.0
1506, 93.0
1507, 96.0
1508, 93.0
1509, 93.0
1510, 92.0
1511, 90.0
1512, 95.0
1513, 95.0
1514, 95.0
1515, 99.0
1516, 96.0
1517, 95.0
1518, 91.0
1519, 97.0
1520, 95.0
1521, 95.0
1522, 96.0
1523, 93.0
1524, 90.0
1525, 90.0
1526, 92.0
1527, 93.0
1528, 91.0
1529, 96.0
1530, 95.0
1531, 93.0
1532, 96.0
1533, 94.0
1534, 90.0
1535, 91.0
1536, 92.0
1537, 98.0
1538, 91.0
1539, 94.0
1540, 95.0
1541, 92.0
1542, 91.0
1543, 91.0
1544, 95.0
1545, 95.0
1546, 91.0
1547, 95.0
1548, 93.0
1549, 95.0
1550, 94.0
1551, 93.0
1552, 91.0
1553, 96.0
1554, 91.0
1555, 96.0
1556, 92.0
1557, 95.0
1558, 88.0
1559, 98.0
1560, 95.0
1561, 92.0
1562, 93.0
1563, 90.0
1564, 92.0
1565, 94.0
1566, 95.0
1567, 91.0
1568, 94.0
1569, 96.0
1570, 93.0
1571, 93.0
1572, 88.0
1573, 92.0
1574, 95.0
1575, 89.0
1576, 96.0
1577, 94.0
1578, 93.0
1579, 91.0
1580, 89.0
1581, 93.0
1582, 97.0
1583, 89.0
1584,100.0
1585, 91.0
1586, 96.0
1587, 94.0
1588, 91.0
1589, 93.0
1590, 96.0
1591, 97.0
1592, 92.0
1593, 94.0
1594, 94.0
1595, 95.0
1596, 95.0
1597, 94.0
1598, 93.0
1599, 92.0
1600, 92.0
1601, 95.0
1602, 90.0
1603, 92.0
1604, 89.0
1605, 91.0
1606, 95.0
1607, 91.0
1608, 94.0
1609, 95.0
1610, 93.0
1611, 92.0
1612, 93.0
1613, 98.0
1614, 92.0
1615, 93.0
1616, 96.0
1617, 94.0
1618, 93.0
1619, 91.0
1620, 95.0
1621, 94.0
1622, 91.0
1623, 93.0
1624, 89.0
1625, 94.0
1626, 95.0
1627, 93.0
1628, 93.0
1629, 91.0
1630, 92.0
1631, 87.0
1632, 96.0
1633, 94.0
1634, 92.0
1635, 92.0
1636, 93.0
1637, 94.0
1638, 95.0
1639, 94.0
1640, 91.0
1641, 99.0
1642, 89.0
1643, 95.0
1644, 95.0
1645, 97.0
1646, 95.0
1647, 94.0
1648, 92.0
1649, 98.0
1650, 94.0
1651, 97.0
1652, 92.0
1653, 98.0
1654, 97.0
1655, 90.0
1656, 93.0
1657, 91.0
1658, 94.0
1659, 96.0
1660, 95.0
1661, 96.0
1662, 94.0
1663, 97.0
1664, 88.0
1665, 98.0
1666, 91.0
1667, 90.0
1668, 92.0
1669, 91.0
1670, 96.0
1671, 93.0
1672, 95.0
1673, 95.0
1674, 96.0
1675, 93.0
1676, 93.0
1677, 99.0
1678, 93.0
1679, 95.0
1680, 93.0
1681, 92.0
1682, 94.0
1683, 96.0
1684, 97.0
1685, 94.0
1686, 96.0
1687, 95.0
1688, 94.0
1689, 95.0
1690, 95.0
1691, 96.0
1692, 92.0
1693, 92.0
1694, 92.0
1695, 97.0
1696, 92.0
1697, 97.0
1698, 93.0
1699, 97.0
1700, 92.0
1701, 97.0
1702, 93.0
1703, 96.0
1704, 98.0
1705, 95.0
1706, 93.0
1707, 92.0
1708, 97.0
1709, 96.0
1710, 94.0
1711,100.0
1712, 94.0
1713, 95.0
1714, 94.0
1715, 95.0
1716, 99.0
1717, 94.0
1718, 95.0
1719, 98.0
1720, 94.0
1721, 93.0
1722, 92.0
1723, 98.0
1724, 95.0
1725, 98.0
1726, 97.0
1727, 94.0
1728, 93.0
1729, 98.0
1730, 96.0
1731, 95.0
1732, 98.0
1733,101.0
1734, 97.0
1735, 91.0
1736, 93.0
1737, 97.0
1738, 95.0
1739, 95.0
1740, 98.0
1741, 92.0
1742, 91.0
1743, 97.0
1744, 96.0
1745,101.0
1746, 93.0
1747, 98.0
1748, 95.0
1749, 96.0
1750, 96.0
1751, 97.0
1752,101.0
1753,101.0
1754,104.0
1755,101.0
1756,101.0
1757,104.0
1758, 98.0
1759,105.0
1760,102.0
1761,105.0
1762,104.0
1763,110.0
1764,111.0
1765,107.0
1766,109.0
1767,108.0
1768,110.0
1769,104.0
1770,112.0
1771,110.0
1772,109.0
1773,116.0
1774,116.0
1775,117.0
1776,105.0
1777,114.0
1778,114.0
1779,126.0
1780,130.0
1781,142.0
1782,133.0
1783,129.0
1784,124.0
1785,126.0
1786,146.0
1787,191.0
1788,216.0
1789,228.0
1790,200.0
1791,167.0
1792,165.0
1793,211.0
1794,350.0
1795,598.0
1796,991.0
1797,1472.0
1798,1939.0
1799,2214.0
1800,2178.0
1801,1892.0
1802,1394.0
1803,894.0
1804,493.0
1805,280.0
1806,182.0
1807,161.0
1808,171.0
1809,184.0
1810,184.0
1811,178.0
1812,168.0
1813,153.0
1814,137.0
1815,126.0
1816,117.0
1817,118.0
1818,116.0
1819,126.0
1820,122.0
1821,131.0
1822,127.0
1823,119.0
1824,113.0
1825,109.0
1826,111.0
1827,103.0
1828,110.0
1829,104.0
1830,105.0
1831,108.0
1832,111.0
1833,113.0
1834,105.0
1835,105.0
1836,102.0
1837,104.0
1838,102.0
1839,102.0
1840,103.0
1841,102.0
1842, 98.0
1843, 97.0
1844,100.0
1845,101.0
1846,102.0
1847, 99.0
1848,101.0
1849,100.0
1850,100.0
1851, 95.0
1852, 91.0
1853, 95.0
1854, 96.0
1855, 97.0
1856, 94.0
1857, 97.0
1858,100.0
1859, 99.0
1860, 92.0
1861, 98.0
1862, 94.0
1863,100.0
1864, 97.0
1865,101.0
1866, 96.0
1867, 98.0
1868, 95.0
1869, 95.0
1870, 98.0
1871, 92.0
1872, 95.0
1873, 90.0
1874, 96.0
1875, 96.0
1876, 95.0
1877, 95.0
1878, 96.0
1879, 91.0
1880, 96.0
1881, 96.0
1882, 93.0
1883, 96.0
1884, 94.0
1885, 90.0
1886, 96.0
1887, 96.0
1888, 93.0
1889, 93.0
1890, 97.0
1891, 88.0
1892, 98.0
1893, 93.0
1894, 93.0
1895, 97.0
1896, 95.0
1897, 91.0
1898, 95.0
1899, 96.0
1900, 94.0
1901, 95.0
1902, 96.0
1903, 95.0
1904, 95.0
1905, 97.0
1906, 92.0
1907, 97.0
1908, 94.0
1909, 97.0
1910, 93.0
1911, 93.0
1912, 93.0
1913, 95.0
1914, 90.0
1915, 98.0
1916, 90.0
1917, 90.0
1918, 91.0
1919, 91.0
1920, 95.0
1921, 96.0
1922, 93.0
1923, 95.0
1924, 95.0
1925, 87.0
1926, 96.0
1927, 94.0
1928, 91.0
1929, 96.0
1930, 92.0
1931, 93.0
1932, 91.0
1933, 92.0
1934, 94.0
1935, 96.0
1936, 91.0
1937, 96.0
1938, 93.0
1939, 93.0
1940, 95.0
1941, 94.0
1942, 92.0
1943, 95.0
1944, 94.0
1945, 94.0
1946, 95.0
1947, 96.0
1948, 88.0
1949, 94.0
1950, 93.0
1951, 92.0
1952, 94.0
1953, 92.0
1954, 91.0
1955, 92.0
1956, 91.0
1957, 93.0
1958, 92.0
1959, 94.0
1960, 97.0
1961, 92.0
1962, 91.0
1963, 93.0
1964, 96.0
1965, 95.0
1966, 95.0
1967, 91.0
1968, 99.0
1969, 98.0
1970, 94.0
1971, 91.0
1972, 91.0
1973, 93.0
1974, 91.0
1975, 92.0
1976, 93.0
1977, 92.0
1978, 91.0
1979, 93.0
1980, 95.0
1981, 92.0
1982, 95.0
1983, 97.0
1984, 91.0
1985, 92.0
1986, 93.0
1987, 91.0
1988, 98.0
1989, 91.0
1990, 94.0
1991, 92.0
1992, 99.0
1993, 89.0
1994, 95.0
1995, 94.0
1996, 88.0
1997, 87.0
1998, 92.0
1999, 97.0
2000, 92.0
2001, 92.0
2002, 88.0
2003, 94.0
2004, 98.0
2005, 97.0
2006, 94.0
2007, 97.0
2008, 98.0
2009, 97.0
2010, 94.0
2011, 95.0
2012, 91.0
2013, 93.0
2014, 95.0
2015, 94.0
2016, 92.0
2017, 95.0
2018, 93.0
2019, 89.0
2020, 89.0
2021, 99.0
2022, 92.0
2023, 95.0
2024, 91.0
2025, 93.0
2026, 93.0
2027, 90.0
2028, 94.0
2029, 94.0
2030, 98.0
2031, 93.0
2032, 96.0
2033, 95.0
2034, 89.0
2035, 91.0
2036, 91.0
2037, 98.0
2038, 93.0
2039, 95.0
2040, 91.0
2041, 98.0
2042, 93.0
2043, 89.0
2044, 94.0
2045, 91.0
2046, 95.0
2047, 94.0
2048, 90.0
2049, 96.0
2050, 92.0
2051, 92.0
2052, 92.0
2053, 93.0
2054, 91.0
2055, 89.0
2056, 89.0
2057, 95.0
2058, 92.0
2059, 92.0
2060, 98.0
2061, 92.0
2062, 92.0
2063, 91.0
2064, 93.0
2065, 94.0
2066, 98.0
2067, 93.0
2068, 89.0
2069, 91.0
2070, 90.0
2071, 95.0
2072, 87.0
2073, 94.0
2074, 89.0
2075, 89.0
2076, 96.0
2077, 92.0
2078, 93.0
2079, 92.0
2080, 93.0
2081, 90.0
2082, 96.0
2083, 92.0
2084, 95.0
2085, 95.0
2086, 86.0
2087, 94.0
2088, 92.0
2089, 98.0
2090, 95.0
2091, 93.0
2092, 92.0
2093, 87.0
2094, 96.0
2095, 90.0
2096, 93.0
2097, 90.0
2098, 90.0
2099, 95.0
2100, 94.0
2101, 92.0
2102, 95.0
2103, 90.0
2104, 95.0
2105, 92.0
2106, 93.0
2107, 90.0
2108, 94.0
2109, 94.0
2110, 92.0
2111, 91.0
2112, 92.0
2113, 89.0
2114, 94.0
2115, 93.0
2116, 94.0
2117, 94.0
2118, 89.0
2119, 92.0
2120, 94.0
2121, 88.0
2122, 94.0
2123, 92.0
2124, 93.0
2125, 92.0
2126, 92.0
2127,100.0
2128, 89.0
2129, 93.0
2130, 94.0
2131, 92.0
2132, 92.0
2133, 95.0
2134, 98.0
2135, 92.0
2136, 90.0
2137, 92.0
2138, 92.0
2139, 93.0
2140, 89.0
2141, 98.0
2142, 93.0
2143, 96.0
2144, 92.0
2145, 96.0
2146, 92.0
2147, 94.0
2148, 93.0
2149, 93.0
2150, 93.0
2151, 92.0
2152, 91.0
2153, 97.0
2154, 93.0
2155, 89.0
2156, 92.0
2157, 96.0
2158, 94.0
2159, 94.0
2160, 95.0
2161, 94.0
2162, 95.0
2163, 91.0
2164, 91.0
2165, 91.0
2166, 98.0
2167, 91.0
2168, 92.0
2169, 92.0
2170, 96.0
2171, 98.0
2172, 93.0
2173, 95.0
2174, 91.0
2175, 97.0
2176, 91.0
2177, 95.0
2178, 95.0
2179, 93.0
2180, 92.0
2181, 89.0
2182, 90.0
2183, 90.0
2184, 95.0
2185, 97.0
2186, 96.0
2187, 89.0
2188, 86.0
2189, 93.0
2190, 93.0
2191, 99.0
2192, 91.0
2193, 93.0
2194, 92.0
2195, 93.0
2196, 89.0
2197, 95.0
2198, 93.0
2199, 89.0
2200, 87.0
2201, 94.0
2202, 95.0
2203, 93.0
2204, 90.0
2205, 95.0
2206, 91.0
2207, 91.0
2208, 93.0
2209, 95.0
2210, 91.0
2211, 93.0
2212, 96.0
2213, 92.0
2214, 92.0
2215, 96.0
2216, 88.0
2217, 91.0
2218, 95.0
2219, 96.0
2220, 95.0
2221, 92.0
2222, 95.0
2223, 96.0
2224, 90.0
2225,101.0
2226, 96.0
2227, 89.0
2228, 94.0
2229, 91.0
2230, 91.0
2231, 90.0
2232, 92.0
2233, 90.0
2234, 91.0
2235, 92.0
2236, 91.0
2237, 91.0
2238, 94.0
2239, 94.0
2240, 95.0
2241, 94.0
2242, 90.0
2243, 90.0
2244, 94.0
2245, 94.0
2246, 93.0
2247, 95.0
2248, 90.0
2249, 91.0
2250, 95.0
2251, 89.0
2252, 93.0
2253, 92.0
2254, 94.0
2255, 94.0
2256, 91.0
2257, 90.0
2258, 97.0
2259, 94.0
2260, 93.0
2261, 97.0
2262, 91.0
2263, 90.0
2264, 96.0
2265, 92.0
2266, 95.0
2267, 93.0
2268, 92.0
2269, 94.0
2270, 93.0
2271, 94.0
2272, 92.0
2273, 95.0
2274, 89.0
2275, 94.0
2276, 95.0
2277, 95.0
2278, 90.0
2279, 92.0
2280, 93.0
2281, 94.0
2282, 90.0
2283, 93.0
2284, 95.0
2285, 93.0
2286, 93.0
2287, 89.0
2288, 91.0
2289, 98.0
2290, 89.0
2291, 88.0
2292, 95.0
2293, 90.0
2294, 91.0
2295, 92.0
2296, 93.0
2297, 93.0
2298, 89.0
2299, 91.0
2300, 90.0
2301, 96.0
2302, 88.0
2303, 93.0
2304, 89.0
2305, 98.0
2306, 89.0
2307, 98.0
2308, 89.0
2309, 94.0
2310, 89.0
2311, 95.0
2312, 97.0
2313, 95.0
2314, 94.0
2315, 95.0
2316, 92.0
2317, 97.0
2318, 94.0
2319, 93.0
2320, 96.0
2321, 93.0
2322, 95.0
2323, 89.0
2324, 93.0
2325, 94.0
2326, 86.0
2327, 98.0
2328, 94.0
2329, 94.0
2330, 93.0
2331, 96.0
2332, 96.0
2333, 96.0
2334, 91.0
2335, 92.0
2336, 94.0
2337, 94.0
2338, 91.0
2339, 95.0
2340, 93.0
2341, 95.0
2342, 95.0
2343, 95.0
2344, 94.0
2345, 98.0
2346, 94.0
2347, 95.0
2348, 94.0
2349, 94.0
2350, 92.0
2351, 92.0
2352, 92.0
2353, 90.0
2354, 90.0
2355, 93.0
2356, 93.0
2357, 97.0
2358, 93.0
2359, 95.0
2360, 90.0
2361, 94.0
2362, 92.0
2363, 96.0
2364, 94.0
2365, 91.0
2366, 97.0
2367, 92.0
2368, 92.0
2369, 94.0
2370, 98.0
2371, 91.0
2372, 95.0
2373, 98.0
2374, 93.0
2375, 93.0
2376, 91.0
2377, 94.0
2378, 92.0
2379, 91.0
2380, 95.0
2381, 89.0
2382, 91.0
2383, 93.0
2384, 91.0
2385, 91.0
2386, 95.0
2387, 93.0
2388, 91.0
2389, 96.0
2390, 95.0
2391, 97.0
2392, 95.0
2393, 94.0
2394, 96.0
2395, 93.0
2396, 98.0
2397, 93.0
2398, 90.0
2399, 96.0
2400, 89.0
2401, 91.0
2402, 93.0
2403, 96.0
2404, 95.0
2405, 93.0
2406, 91.0
2407, 91.0
2408, 94.0
2409, 94.0
2410, 91.0
2411, 96.0
2412, 93.0
2413, 92.0
2414, 94.0
2415, 92.0
2416, 90.0
2417, 92.0
2418, 97.0
2419, 91.0
2420, 93.0
2421, 91.0
2422, 93.0
2423, 92.0
2424, 92.0
2425, 89.0
2426, 94.0
2427, 95.0
2428, 95.0
2429, 92.0
2430, 90.0
2431, 98.0
2432, 98.0
2433, 94.0
2434, 93.0
2435, 95.0
2436, 89.0
2437, 94.0
2438, 92.0
2439, 95.0
2440, 91.0
2441, 91.0
2442, 91.0
2443, 92.0
2444, 96.0
2445, 92.0
2446, 94.0
2447, 95.0
2448, 93.0
2449, 92.0
2450, 92.0
2451, 89.0
2452, 93.0
2453, 92.0
2454, 98.0
2455, 96.0
2456, 93.0
2457, 95.0
2458, 87.0
2459, 91.0
2460, 92.0
2461, 89.0
2462, 89.0
2463, 94.0
2464, 92.0
2465, 94.0
2466, 91.0
2467, 89.0
2468, 96.0
2469, 92.0
2470, 92.0
2471, 90.0
2472, 96.0
2473, 96.0
2474, 91.0
2475, 94.0
2476, 92.0
2477, 94.0
2478, 95.0
2479, 95.0
2480, 95.0
2481, 92.0
2482, 96.0
2483, 92.0
2484, 94.0
2485, 93.0
2486, 96.0
2487, 97.0
2488, 96.0
2489, 95.0
2490, 91.0
2491, 93.0
2492, 90.0
2493, 96.0
2494, 93.0
2495, 96.0
2496, 92.0
2497, 94.0
2498, 98.0
2499, 92.0
2500, 93.0
2501, 94.0
2502, 94.0
2503, 93.0
2504, 92.0
2505, 96.0
2506, 92.0
2507, 91.0
2508, 90.0
2509, 91.0
2510, 93.0
2511, 97.0
2512, 89.0
2513, 91.0
2514, 91.0
2515, 94.0
2516, 94.0
2517, 94.0
2518, 96.0
2519, 92.0
2520, 92.0
2521, 94.0
2522, 91.0
2523, 91.0
2524, 95.0
2525, 96.0
2526, 90.0
2527, 96.0
2528, 92.0
2529, 94.0
2530, 91.0
2531, 95.0
2532, 93.0
2533, 92.0
2534, 92.0
2535, 95.0
2536, 91.0
2537, 94.0
2538, 93.0
2539, 92.0
2540, 92.0
2541, 95.0
2542, 93.0
2543, 94.0
2544, 92.0
2545, 93.0
2546, 92.0
2547, 97.0
2548, 97.0
2549, 95.0
2550, 92.0
2551, 95.0
2552, 93.0
2553, 94.0
2554, 91.0
2555, 94.0
2556, 95.0
2557, 90.0
2558, 94.0
2559, 96.0
2560, 94.0
2561, 99.0
2562, 96.0
2563, 94.0
2564, 94.0
2565, 94.0
2566, 94.0
2567, 94.0
2568, 94.0
2569, 91.0
2570, 90.0
2571, 95.0
2572, 90.0
2573, 94.0
2574, 94.0
2575, 92.0
2576, 92.0
2577, 97.0
2578, 95.0
2579, 95.0
2580, 94.0
2581, 95.0
2582, 96.0
2583, 93.0
2584, 95.0
2585, 90.0
2586, 96.0
2587, 94.0
2588, 95.0
2589, 93.0
2590, 94.0
2591, 93.0
2592, 92.0
2593, 95.0
2594, 93.0
2595, 92.0
2596, 90.0
2597, 90.0
2598, 91.0
2599, 98.0
2600, 92.0
2601, 96.0
2602, 95.0
2603, 94.0
2604, 90.0
2605, 93.0
2606, 92.0
2607, 92.0
2608, 96.0
2609, 94.0
2610, 91.0
2611, 90.0
2612, 94.0
2613, 93.0
2614, 94.0
2615, 91.0
2616, 93.0
2617, 96.0
2618, 96.0
2619, 95.0
2620, 95.0
2621, 93.0
2622, 91.0
2623, 92.0
2624, 94.0
2625, 95.0
2626, 94.0
2627, 91.0
2628, 94.0
2629, 92.0
2630, 95.0
2631, 97.0
2632, 91.0
2633, 93.0
2634, 93.0
2635, 92.0
2636, 89.0
2637, 96.0
2638, 96.0
2639, 94.0
2640, 95.0
2641, 95.0
2642, 93.0
2643, 94.0
2644, 92.0
2645, 90.0
2646, 95.0
2647, 93.0
2648, 90.0
2649, 89.0
2650, 96.0
2651, 91.0
2652, 95.0
2653, 91.0
2654, 96.0
2655, 91.0
2656, 95.0
2657, 95.0
2658, 97.0
2659, 96.0
2660, 91.0
2661, 98.0
2662, 92.0
2663, 98.0
2664, 94.0
2665, 92.0
2666, 91.0
2667,100.0
2668, 98.0
2669, 92.0
2670, 94.0
2671, 91.0
2672, 90.0
2673, 94.0
2674, 96.0
2675, 90.0
2676, 95.0
2677, 96.0
2678, 89.0
2679, 98.0
2680, 93.0
2681, 93.0
2682, 97.0
2683, 91.0
2684, 93.0
2685, 93.0
2686, 97.0
2687, 96.0
2688, 91.0
2689, 92.0
2690, 89.0
2691, 92.0
2692, 94.0
2693, 89.0
2694, 93.0
2695, 91.0
2696, 95.0
2697, 95.0
2698, 92.0
2699, 89.0
2700, 92.0
2701, 93.0
2702, 93.0
2703, 86.0
2704, 90.0
2705, 92.0
2706, 93.0
2707, 95.0
2708, 92.0
2709, 95.0
2710, 88.0
2711, 95.0
2712, 90.0
2713, 93.0
2714, 97.0
2715, 91.0
2716, 92.0
2717, 98.0
2718, 96.0
2719, 91.0
2720, 91.0
2721, 95.0
2722, 92.0
2723, 93.0
2724, 92.0
2725, 96.0
2726, 96.0
2727, 91.0
2728, 95.0
2729, 97.0
2730, 89.0
2731, 94.0
2732, 91.0
2733, 90.0
2734, 93.0
2735, 92.0
2736, 91.0
2737, 95.0
2738, 96.0
2739, 97.0
2740, 94.0
2741, 95.0
2742, 95.0
2743, 95.0
2744, 93.0
2745, 93.0
2746, 97.0
2747, 95.0
2748, 93.0
2749, 93.0
2750, 91.0
2751, 98.0
2752, 96.0
2753, 90.0
2754, 95.0
2755, 92.0
2756, 93.0
2757, 95.0
2758, 95.0
2759, 89.0
2760, 92.0
2761, 96.0
2762, 93.0
2763, 94.0
2764, 89.0
2765, 95.0
2766, 95.0
2767, 93.0
2768, 94.0
2769, 96.0
2770, 89.0
2771, 95.0
2772, 97.0
2773, 94.0
2774, 93.0
2775, 94.0
2776, 92.0
2777, 88.0
2778, 96.0
2779, 94.0
2780, 94.0
2781, 94.0
2782, 93.0
2783, 95.0
2784, 98.0
2785, 92.0
2786, 90.0
2787, 99.0
2788, 97.0
2789, 94.0
2790, 94.0
2791, 89.0
2792, 94.0
2793, 95.0
2794, 93.0
2795, 93.0
2796, 93.0
2797, 96.0
2798, 94.0
2799, 91.0
2800, 93.0
2801, 92.0
2802, 97.0
2803, 93.0
2804, 91.0
2805, 95.0
2806, 94.0
2807, 86.0
2808, 88.0
2809, 93.0
2810, 94.0
2811, 91.0
2812, 94.0
2813, 96.0
2814, 94.0
2815, 96.0
2816, 92.0
2817, 94.0
2818, 92.0
2819, 96.0
2820, 90.0
2821, 95.0
2822, 94.0
2823, 94.0
2824, 91.0
2825,101.0
2826, 91.0
2827, 92.0
2828, 93.0
2829, 87.0
2830, 96.0
2831, 91.0
2832, 93.0
2833, 90.0
2834, 89.0
2835, 88.0
2836, 91.0
2837, 93.0
2838, 93.0
2839, 94.0
2840, 89.0
2841, 94.0
2842, 92.0
2843,100.0
2844, 89.0
2845, 93.0
2846, 91.0
2847, 93.0
2848, 94.0
2849, 96.0
2850, 92.0
2851, 90.0
2852, 94.0
2853, 90.0
2854, 94.0
2855, 91.0
2856, 93.0
2857, 91.0
2858, 94.0
2859, 91.0
2860, 94.0
2861,100.0
2862, 89.0
2863, 92.0
2864, 91.0
2865, 93.0
2866, 94.0
2867, 90.0
2868, 93.0
2869, 94.0
2870, 89.0
2871, 96.0
2872, 93.0
2873, 94.0
2874, 91.0
2875, 92.0
2876, 90.0
2877, 90.0
2878, 94.0
2879, 89.0
2880, 94.0
2881, 97.0
2882, 96.0
2883, 97.0
2884, 95.0
2885, 97.0
2886, 90.0
2887, 94.0
2888, 92.0
2889, 94.0
2890,101.0
2891, 94.0
2892, 89.0
2893, 92.0
2894, 95.0
2895, 98.0
2896, 94.0
2897, 94.0
2898,100.0
2899, 92.0
2900, 95.0
2901, 91.0
2902, 92.0
2903, 95.0
2904, 93.0
2905, 93.0
2906, 90.0
2907, 87.0
2908, 94.0
2909, 93.0
2910, 93.0
2911, 97.0
2912, 95.0
2913, 91.0
2914, 99.0
2915, 89.0
2916, 99.0
2917, 95.0
2918, 92.0
2919, 95.0
2920, 94.0
2921, 92.0
2922, 92.0
2923, 93.0
2924, 91.0
2925, 95.0
2926, 93.0
2927, 92.0
2928, 93.0
2929, 94.0
2930, 92.0
2931, 89.0
2932, 92.0
2933, 93.0
2934, 93.0
2935, 92.0
2936, 93.0
2937, 96.0
2938, 95.0
2939, 97.0
2940, 95.0
2941, 91.0
2942, 94.0
2943, 90.0
2944, 90.0
2945, 94.0
2946, 93.0
2947, 95.0
2948, 92.0
2949, 94.0
2950, 92.0
2951, 91.0
2952, 97.0
2953, 96.0
2954, 97.0
2955, 98.0
2956, 95.0
2957, 92.0
2958, 93.0
2959, 96.0
2960, 88.0
2961, 90.0
2962, 92.0
2963, 94.0
2964, 95.0
2965, 95.0
2966, 95.0
2967, 91.0
2968, 95.0
2969, 91.0
2970, 92.0
2971, 97.0
2972, 96.0
2973, 93.0
2974, 94.0
2975, 91.0
2976, 95.0
2977, 95.0
2978, 94.0
2979, 93.0
2980, 98.0
2981, 91.0
2982, 98.0
2983, 95.0
2984, 96.0
2985, 96.0
2986, 94.0
2987, 93.0
2988, 94.0
2989, 93.0
2990, 93.0
2991, 95.0
2992, 92.0
2993, 98.0
2994, 98.0
2995, 97.0
2996, 98.0
2997, 97.0
2998, 96.0
2999, 98.0
3000, 91.0
3001, 95.0
3002, 94.0
3003, 92.0
3004, 91.0
3005, 95.0
3006, 93.0
3007, 94.0
3008, 92.0
3009, 94.0
3010, 96.0
3011, 91.0
3012, 94.0
3013, 91.0
3014, 90.0
3015, 93.0
3016, 89.0
3017, 94.0
3018, 96.0
3019, 93.0
3020, 93.0
3021, 96.0
3022, 91.0
3023, 90.0
3024, 97.0
3025, 95.0
3026, 92.0
3027, 92.0
3028, 98.0
3029, 94.0
3030, 93.0
3031, 93.0
3032, 94.0
3033, 97.0
3034, 94.0
3035, 96.0
3036, 92.0
3037, 92.0
3038, 91.0
3039, 89.0
3040, 96.0
3041, 97.0
3042, 93.0
3043, 97.0
3044,100.0
3045, 95.0
3046, 91.0
3047, 89.0
3048, 93.0
3049, 95.0
3050, 93.0
3051, 97.0
3052, 93.0
3053, 95.0
3054, 96.0
3055, 92.0
3056, 92.0
3057, 91.0
3058, 90.0
3059, 92.0
3060, 90.0
3061, 96.0
3062, 93.0
3063, 95.0
3064, 92.0
3065, 93.0
3066, 87.0
3067, 94.0
3068, 95.0
3069, 91.0
3070, 95.0
3071, 97.0
3072, 94.0
3073, 94.0
3074, 93.0
3075, 95.0
3076, 95.0
3077, 94.0
3078, 89.0
3079, 97.0
3080, 95.0
3081, 97.0
3082, 94.0
3083, 90.0
3084, 92.0
3085, 93.0
3086, 91.0
3087, 92.0
3088, 93.0
3089, 95.0
3090, 96.0
3091, 94.0
3092, 94.0
3093, 95.0
3094, 96.0
3095, 88.0
3096, 89.0
3097, 95.0
3098, 88.0
3099, 91.0
3100, 92.0
3101, 92.0
3102, 94.0
3103, 88.0
3104, 92.0
3105, 89.0
3106, 91.0
3107, 95.0
3108,100.0
3109, 94.0
3110, 91.0
3111, 94.0
3112, 96.0
3113, 90.0
3114, 92.0
3115, 97.0
3116, 87.0
3117, 95.0
3118, 93.0
3119, 95.0
3120, 92.0
3121, 97.0
3122, 93.0
3123, 93.0
3124, 95.0
3125, 94.0
3126, 95.0
3127, 93.0
3128, 93.0
3129, 97.0
3130, 96.0
3131, 93.0
3132, 93.0
3133, 95.0
3134, 89.0
3135, 92.0
3136, 93.0
3137, 94.0
3138, 94.0
3139, 97.0
3140, 96.0
3141, 95.0
3142, 89.0
3143, 96.0
3144, 95.0
3145, 91.0
3146, 91.0
3147, 97.0
3148, 92.0
3149,100.0
3150, 94.0
3151, 93.0
3152, 91.0
3153, 93.0
3154, 97.0
3155, 94.0
3156, 96.0
3157, 93.0
3158, 98.0
3159, 97.0
3160, 95.0
3161, 93.0
3162, 95.0
3163, 93.0
3164, 95.0
3165, 96.0
3166, 95.0
3167, 94.0
3168, 95.0
3169, 95.0
3170, 94.0
3171, 93.0
3172, 96.0
3173, 91.0
3174, 90.0
3175, 95.0
3176, 94.0
3177, 96.0
3178, 94.0
3179, 94.0
3180, 92.0
3181, 88.0
3182, 92.0
3183, 92.0
3184, 92.0
3185, 91.0
3186, 92.0
3187, 95.0
3188, 95.0
3189, 95.0
3190, 89.0
3191, 91.0
3192, 92.0
3193, 94.0
3194, 92.0
3195, 92.0
3196, 90.0
3197, 94.0
3198, 92.0
3199, 95.0
3200, 94.0
3201, 96.0
3202, 93.0
3203, 88.0
3204, 93.0
3205, 95.0
3206, 95.0
3207, 95.0
3208, 96.0
3209, 94.0
3210, 96.0
3211, 95.0
3212, 96.0
3213, 94.0
3214, 97.0
3215, 94.0
3216, 94.0
3217, 98.0
3218, 92.0
3219, 92.0
3220, 92.0
3221, 92.0
3222, 96.0
3223, 94.0
3224, 93.0
3225, 95.0
3226, 96.0
3227, 96.0
3228, 94.0
3229, 95.0
3230,100.0
3231, 93.0
3232, 92.0
3233, 92.0
3234, 92.0
3235, 97.0
3236, 92.0
3237, 94.0
3238, 93.0
3239, 94.0
3240, 90.0
3241, 97.0
3242, 95.0
3243, 95.0
3244, 91.0
3245, 94.0
3246, 93.0
3247, 95.0
3248, 95.0
3249, 92.0
3250, 97.0
3251, 93.0
3252, 92.0
3253, 96.0
3254, 88.0
3255, 98.0
3256, 92.0
3257, 95.0
3258, 92.0
3259, 95.0
3260, 91.0
3261, 95.0
3262, 96.0
3263, 90.0
3264, 99.0
3265, 95.0
3266, 92.0
3267, 91.0
3268, 89.0
3269, 91.0
3270, 95.0
3271, 94.0
3272, 96.0
3273, 95.0
3274, 89.0
3275, 94.0
3276, 92.0
3277, 93.0
3278, 97.0
3279, 96.0
3280, 97.0
3281, 98.0
3282, 98.0
3283, 95.0
3284, 91.0
3285, 93.0
3286, 94.0
3287, 91.0
3288, 92.0
3289, 88.0
3290, 91.0
3291, 92.0
3292, 95.0
3293, 94.0
3294, 92.0
3295, 97.0
3296, 91.0
3297, 95.0
3298, 91.0
3299, 92.0
3300, 96.0
3301, 92.0
3302, 90.0
3303, 97.0
3304, 96.0
3305, 92.0
3306, 91.0
3307, 96.0
3308, 93.0
3309, 92.0
3310, 95.0
3311, 94.0
3312, 95.0
3313, 92.0
3314, 93.0
3315, 89.0
3316, 92.0
3317, 93.0
3318, 94.0
3319, 95.0
3320, 95.0
3321, 93.0
3322, 90.0
3323, 95.0
3324, 91.0
3325, 92.0
3326, 97.0
3327, 94.0
3328, 94.0
3329, 92.0
3330, 90.0
3331, 95.0
3332, 93.0
3333, 95.0
3334, 94.0
3335, 95.0
3336, 92.0
3337, 99.0
3338, 90.0
3339, 93.0
3340, 96.0
3341, 96.0
3342, 91.0
3343, 92.0
3344, 94.0
3345, 95.0
3346, 94.0
3347, 95.0
3348, 89.0
3349, 93.0
3350, 95.0
3351, 93.0
3352, 93.0
3353, 93.0
3354, 92.0
3355, 93.0
3356, 95.0
3357, 93.0
3358, 92.0
3359, 94.0
3360, 95.0
3361, 95.0
3362, 95.0
3363, 91.0
3364, 94.0
3365, 94.0
3366, 93.0
3367, 95.0
3368, 90.0
3369, 95.0
3370, 92.0
3371, 91.0
3372, 94.0
3373, 93.0
3374, 95.0
3375, 92.0
3376, 93.0
3377, 93.0
3378, 94.0
3379, 90.0
3380, 99.0
3381, 91.0
3382, 92.0
3383, 91.0
3384, 95.0
3385, 91.0
3386, 94.0
3387, 97.0
3388, 90.0
3389, 96.0
3390, 91.0
3391, 91.0
3392, 95.0
3393, 97.0
3394, 94.0
3395, 94.0
3396, 96.0
3397, 93.0
3398, 95.0
3399, 93.0
3400, 95.0
3401, 90.0
3402, 90.0
3403, 92.0
3404, 94.0
3405, 97.0
3406, 89.0
3407, 99.0
3408, 94.0
3409, 95.0
3410, 93.0
3411, 93.0
3412, 93.0
3413, 95.0
3414, 94.0
3415, 96.0
3416, 95.0
3417, 93.0
3418, 93.0
3419, 98.0
3420, 92.0
3421, 95.0
3422, 93.0
3423, 92.0
3424, 95.0
3425, 96.0
3426, 93.0
3427, 95.0
3428, 92.0
3429, 92.0
3430, 95.0
3431, 94.0
3432, 95.0
3433, 93.0
3434, 96.0
3435, 95.0
3436, 92.0
3437, 95.0
3438, 94.0
3439, 94.0
3440, 92.0
3441, 95.0
3442, 93.0
3443, 99.0
3444, 92.0
3445, 92.0
3446, 89.0
3447, 88.0
3448, 93.0
3449, 96.0
3450, 92.0
3451, 97.0
3452, 97.0
3453, 93.0
3454, 98.0
3455, 94.0
3456, 94.0
3457, 95.0
3458, 95.0
3459, 95.0
3460, 96.0
3461, 94.0
3462, 92.0
3463, 90.0
3464, 94.0
3465, 96.0
3466, 98.0
3467, 93.0
3468, 96.0
3469, 91.0
3470, 93.0
3471, 95.0
3472, 93.0
3473, 93.0
3474, 96.0
3475, 94.0
3476, 94.0
3477, 99.0
3478, 95.0
3479, 96.0
3480, 93.0
3481, 90.0
3482, 90.0
3483,100.0
3484, 93.0
3485, 98.0
3486, 92.0
3487, 95.0
3488, 95.0
3489, 90.0
3490, 99.0
3491, 96.0
3492, 92.0
3493, 92.0
3494, 93.0
3495, 95.0
3496, 93.0
3497, 95.0
3498,100.0
3499, 91.0
3500, 95.0
3501, 96.0
3502, 89.0
3503, 93.0
3504, 98.0
3505, 93.0
3506, 93.0
3507, 95.0
3508, 94.0
3509, 95.0
3510, 90.0
3511, 95.0
3512, 95.0
3513, 92.0
3514, 94.0
3515, 93.0
3516, 93.0
3517, 92.0
3518, 88.0
3519, 92.0
3520, 92.0
3521, 94.0
3522, 94.0
3523, 93.0
3524, 91.0
3525, 99.0
3526, 92.0
3527, 97.0
3528, 91.0
3529, 93.0
3530, 95.0
3531, 95.0
3532, 95.0
3533, 95.0
3534, 95.0
3535, 99.0
3536, 96.0
3537, 95.0
3538, 93.0
3539, 96.0
3540, 96.0
3541, 94.0
3542, 94.0
3543, 99.0
3544, 96.0
3545, 94.0
3546, 94.0
3547, 94.0
3548, 97.0
3549, 98.0
3550, 93.0
3551, 93.0
3552, 90.0
3553, 94.0
3554, 92.0
3555, 94.0
3556, 96.0
3557, 96.0
3558, 94.0
3559, 95.0
3560, 95.0
3561, 89.0
3562, 96.0
3563, 96.0
3564, 96.0
3565, 94.0
3566, 94.0
3567, 90.0
3568, 93.0
3569, 96.0
3570, 94.0
3571, 96.0
3572, 95.0
3573, 93.0
3574, 93.0
3575, 92.0
3576, 91.0
3577, 96.0
3578, 92.0
3579, 98.0
3580, 92.0
3581, 94.0
3582, 94.0
3583, 99.0
3584, 97.0
3585, 96.0
3586, 91.0
3587, 94.0
3588, 92.0
3589, 94.0
3590, 92.0
3591, 92.0
3592, 94.0
3593, 91.0
3594, 94.0
3595, 91.0
3596, 97.0
3597, 95.0
3598, 92.0
3599, 96.0
3600, 90.0
3601, 93.0
3602, 91.0
3603, 94.0
3604, 98.0
3605, 98.0
3606, 95.0
3607, 96.0
3608, 93.0
3609, 96.0
3610, 94.0
3611, 95.0
3612, 96.0
3613, 96.0
3614, 94.0
3615, 91.0
3616, 91.0
3617, 95.0
3618, 91.0
3619, 96.0
3620, 92.0
3621, 95.0
3622, 95.0
3623, 96.0
3624, 94.0
3625, 91.0
3626, 99.0
3627, 95.0
3628, 93.0
3629, 96.0
3630, 97.0
3631,100.0
3632, 91.0
3633, 95.0
3634, 90.0
3635, 94.0
3636, 93.0
3637, 96.0
3638, 92.0
3639, 95.0
3640, 91.0
3641, 91.0
3642, 93.0
3643, 98.0
3644, 95.0
3645, 94.0
3646, 93.0
3647,  1.0

