Single
3648
Scan 0,   
0, 78.0
1, 77.0
2, 78.0
3, 80.0
4, 80.0
5, 77.0
6, 76.0
7, 77.0
8, 77.0
9, 80.0
10, 78.0
11, 78.0
12, 81.0
13, 76.0
14, 80.0
15, 77.0
16, 78.0
17, 77.0
18, 80.0
19, 82.0
20, 80.0
21, 79.0
22, 80.0
23, 78.0
24, 78.0
25, 78.0
26, 83.0
27, 78.0
28, 74.0
29, 79.0
30, 77.0
31, 75.0
32, 81.0
33, 80.0
34, 74.0
35, 80.0
36, 84.0
37, 84.0
38, 76.0
39, 80.0
40, 84.0
41, 82.0
42, 81.0
43, 78.0
44, 77.0
45, 82.0
46, 84.0
47, 79.0
48, 77.0
49, 81.0
50, 81.0
51, 82.0
52, 80.0
53, 80.0
54, 77.0
55, 81.0
56, 83.0
57, 83.0
58, 79.0
59, 76.0
60, 82.0
61, 80.0
62, 77.0
63, 75.0
64, 80.0
65, 78.0
66, 76.0
67, 76.0
68, 81.0
69, 80.0
70, 82.0
71, 82.0
72, 80.0
73, 79.0
74, 80.0
75, 78.0
76, 83.0
77, 76.0
78, 77.0
79, 80.0
80, 81.0
81, 81.0
82, 78.0
83, 83.0
84, 85.0
85, 83.0
86, 80.0
87, 75.0
88, 82.0
89, 78.0
90, 83.0
91, 80.0
92, 80.0
93, 78.0
94, 78.0
95, 79.0
96, 78.0
97, 75.0
98, 78.0
99, 80.0
100, 82.0
101, 80.0
102, 85.0
103, 78.0
104, 78.0
105, 83.0
106, 81.0
107, 79.0
108, 83.0
109, 79.0
110, 77.0
111, 82.0
112, 79.0
113, 75.0
114, 80.0
115, 80.0
116, 81.0
117, 80.0
118, 82.0
119, 79.0
120, 83.0
121, 82.0
122, 81.0
123, 82.0
124, 83.0
125, 82.0
126, 82.0
127, 78.0
128, 78.0
129, 80.0
130, 79.0
131, 82.0
132, 78.0
133, 74.0
134, 80.0
135, 79.0
136, 78.0
137, 82.0
138, 79.0
139, 77.0
140, 80.0
141, 80.0
142, 81.0
143, 84.0
144, 80.0
145, 79.0
146, 81.0
147, 78.0
148, 77.0
149, 78.0
150, 78.0
151, 77.0
152, 77.0
153, 79.0
154, 78.0
155, 77.0
156, 82.0
157, 78.0
158, 78.0
159, 79.0
160, 82.0
161, 80.0
162, 76.0
163, 77.0
164, 78.0
165, 78.0
166, 83.0
167, 80.0
168, 80.0
169, 80.0
170, 80.0
171, 80.0
172, 72.0
173, 81.0
174, 80.0
175, 79.0
176, 81.0
177, 77.0
178, 81.0
179, 80.0
180, 77.0
181, 80.0
182, 74.0
183, 77.0
184, 76.0
185, 81.0
186, 78.0
187, 80.0
188, 82.0
189, 78.0
190, 82.0
191, 78.0
192, 80.0
193, 78.0
194, 81.0
195, 79.0
196, 78.0
197, 79.0
198, 81.0
199, 81.0
200, 83.0
201, 79.0
202, 81.0
203, 77.0
204, 80.0
205, 80.0
206, 77.0
207, 81.0
208, 79.0
209, 77.0
210, 81.0
211, 76.0
212, 81.0
213, 80.0
214, 80.0
215, 81.0
216, 80.0
217, 80.0
218, 77.0
219, 78.0
220, 76.0
221, 78.0
222, 81.0
223, 77.0
224, 80.0
225, 80.0
226, 79.0
227, 77.0
228, 77.0
229, 79.0
230, 79.0
231, 80.0
232, 81.0
233, 81.0
234, 77.0
235, 80.0
236, 81.0
237, 78.0
238, 75.0
239, 81.0
240, 81.0
241, 80.0
242, 78.0
243, 80.0
244, 79.0
245, 78.0
246, 78.0
247, 78.0
248, 78.0
249, 82.0
250, 81.0
251, 76.0
252, 79.0
253, 82.0
254, 76.0
255, 78.0
256, 79.0
257, 83.0
258, 78.0
259, 85.0
260, 80.0
261, 78.0
262, 82.0
263, 78.0
264, 78.0
265, 80.0
266, 78.0
267, 72.0
268, 73.0
269, 82.0
270, 82.0
271, 77.0
272, 82.0
273, 80.0
274, 80.0
275, 78.0
276, 78.0
277, 78.0
278, 83.0
279, 81.0
280, 80.0
281, 76.0
282, 83.0
283, 82.0
284, 78.0
285, 76.0
286, 80.0
287, 78.0
288, 82.0
289, 82.0
290, 78.0
291, 80.0
292, 80.0
293, 75.0
294, 79.0
295, 78.0
296, 79.0
297, 75.0
298, 80.0
299, 81.0
300, 78.0
301, 83.0
302, 76.0
303, 75.0
304, 81.0
305, 78.0
306, 81.0
307, 83.0
308, 81.0
309, 80.0
310, 81.0
311, 83.0
312, 78.0
313, 80.0
314, 80.0
315, 77.0
316, 79.0
317, 77.0
318, 82.0
319, 81.0
320, 77.0
321, 80.0
322, 75.0
323, 79.0
324, 80.0
325, 82.0
326, 80.0
327, 76.0
328, 82.0
329, 81.0
330, 78.0
331, 81.0
332, 80.0
333, 78.0
334, 80.0
335, 77.0
336, 82.0
337, 76.0
338, 77.0
339, 86.0
340, 80.0
341, 75.0
342, 81.0
343, 81.0
344, 77.0
345, 78.0
346, 82.0
347, 80.0
348, 75.0
349, 84.0
350, 76.0
351, 80.0
352, 80.0
353, 80.0
354, 79.0
355, 77.0
356, 82.0
357, 80.0
358, 80.0
359, 81.0
360, 81.0
361, 82.0
362, 82.0
363, 79.0
364, 83.0
365, 78.0
366, 78.0
367, 81.0
368, 79.0
369, 78.0
370, 82.0
371, 75.0
372, 84.0
373, 80.0
374, 83.0
375, 77.0
376, 82.0
377, 75.0
378, 83.0
379, 80.0
380, 77.0
381, 81.0
382, 74.0
383, 82.0
384, 74.0
385, 81.0
386, 85.0
387, 78.0
388, 82.0
389, 80.0
390, 80.0
391, 77.0
392, 84.0
393, 83.0
394, 80.0
395, 78.0
396, 78.0
397, 76.0
398, 79.0
399, 74.0
400, 80.0
401, 82.0
402, 79.0
403, 81.0
404, 81.0
405, 80.0
406, 75.0
407, 82.0
408, 84.0
409, 82.0
410, 80.0
411, 72.0
412, 77.0
413, 82.0
414, 79.0
415, 79.0
416, 79.0
417, 79.0
418, 78.0
419, 81.0
420, 79.0
421, 85.0
422, 79.0
423, 80.0
424, 80.0
425, 77.0
426, 80.0
427, 78.0
428, 73.0
429, 79.0
430, 78.0
431, 78.0
432, 81.0
433, 80.0
434, 76.0
435, 79.0
436, 80.0
437, 75.0
438, 80.0
439, 80.0
440, 82.0
441, 77.0
442, 80.0
443, 77.0
444, 76.0
445, 75.0
446, 80.0
447, 79.0
448, 78.0
449, 74.0
450, 75.0
451, 80.0
452, 79.0
453, 79.0
454, 83.0
455, 79.0
456, 81.0
457, 80.0
458, 78.0
459, 80.0
460, 82.0
461, 78.0
462, 77.0
463, 81.0
464, 77.0
465, 81.0
466, 77.0
467, 74.0
468, 82.0
469, 80.0
470, 78.0
471, 79.0
472, 81.0
473, 80.0
474, 82.0
475, 76.0
476, 79.0
477, 82.0
478, 79.0
479, 79.0
480, 77.0
481, 78.0
482, 79.0
483, 79.0
484, 82.0
485, 81.0
486, 81.0
487, 81.0
488, 82.0
489, 82.0
490, 81.0
491, 77.0
492, 78.0
493, 76.0
494, 81.0
495, 80.0
496, 85.0
497, 79.0
498, 81.0
499, 77.0
500, 80.0
501, 76.0
502, 80.0
503, 78.0
504, 82.0
505, 79.0
506, 76.0
507, 80.0
508, 84.0
509, 79.0
510, 76.0
511, 82.0
512, 83.0
513, 79.0
514, 83.0
515, 75.0
516, 79.0
517, 77.0
518, 78.0
519, 78.0
520, 82.0
521, 82.0
522, 78.0
523, 78.0
524, 82.0
525, 78.0
526, 80.0
527, 81.0
528, 78.0
529, 79.0
530, 80.0
531, 79.0
532, 83.0
533, 79.0
534, 82.0
535, 79.0
536, 81.0
537, 78.0
538, 78.0
539, 73.0
540, 80.0
541, 81.0
542, 80.0
543, 80.0
544, 77.0
545, 82.0
546, 82.0
547, 81.0
548, 78.0
549, 80.0
550, 78.0
551, 80.0
552, 79.0
553, 82.0
554, 83.0
555, 80.0
556, 75.0
557, 83.0
558, 78.0
559, 77.0
560, 76.0
561, 84.0
562, 76.0
563, 79.0
564, 76.0
565, 81.0
566, 78.0
567, 82.0
568, 77.0
569, 80.0
570, 79.0
571, 80.0
572, 76.0
573, 76.0
574, 77.0
575, 77.0
576, 79.0
577, 81.0
578, 80.0
579, 77.0
580, 78.0
581, 83.0
582, 81.0
583, 81.0
584, 74.0
585, 81.0
586, 78.0
587, 80.0
588, 78.0
589, 76.0
590, 78.0
591, 79.0
592, 77.0
593, 80.0
594, 79.0
595, 83.0
596, 81.0
597, 80.0
598, 80.0
599, 76.0
600, 78.0
601, 79.0
602, 80.0
603, 77.0
604, 81.0
605, 81.0
606, 76.0
607, 76.0
608, 79.0
609, 80.0
610, 78.0
611, 80.0
612, 80.0
613, 75.0
614, 79.0
615, 77.0
616, 83.0
617, 81.0
618, 78.0
619, 78.0
620, 82.0
621, 81.0
622, 80.0
623, 76.0
624, 80.0
625, 78.0
626, 80.0
627, 76.0
628, 80.0
629, 81.0
630, 79.0
631, 78.0
632, 84.0
633, 81.0
634, 78.0
635, 80.0
636, 79.0
637, 78.0
638, 78.0
639, 76.0
640, 81.0
641, 71.0
642, 82.0
643, 81.0
644, 81.0
645, 80.0
646, 80.0
647, 77.0
648, 79.0
649, 81.0
650, 82.0
651, 77.0
652, 81.0
653, 80.0
654, 80.0
655, 79.0
656, 76.0
657, 81.0
658, 82.0
659, 83.0
660, 86.0
661, 81.0
662, 82.0
663, 81.0
664, 79.0
665, 79.0
666, 81.0
667, 78.0
668, 81.0
669, 79.0
670, 78.0
671, 79.0
672, 77.0
673, 82.0
674, 81.0
675, 79.0
676, 80.0
677, 78.0
678, 79.0
679, 81.0
680, 83.0
681, 79.0
682, 81.0
683, 77.0
684, 80.0
685, 81.0
686, 78.0
687, 76.0
688, 76.0
689, 77.0
690, 82.0
691, 80.0
692, 79.0
693, 76.0
694, 79.0
695, 80.0
696, 78.0
697, 77.0
698, 80.0
699, 79.0
700, 78.0
701, 84.0
702, 78.0
703, 73.0
704, 79.0
705, 76.0
706, 77.0
707, 79.0
708, 81.0
709, 79.0
710, 79.0
711, 79.0
712, 78.0
713, 81.0
714, 78.0
715, 81.0
716, 78.0
717, 78.0
718, 78.0
719, 78.0
720, 75.0
721, 75.0
722, 77.0
723, 80.0
724, 76.0
725, 79.0
726, 77.0
727, 75.0
728, 79.0
729, 78.0
730, 81.0
731, 76.0
732, 80.0
733, 84.0
734, 83.0
735, 81.0
736, 77.0
737, 82.0
738, 79.0
739, 78.0
740, 85.0
741, 82.0
742, 76.0
743, 78.0
744, 82.0
745, 79.0
746, 77.0
747, 78.0
748, 79.0
749, 78.0
750, 79.0
751, 81.0
752, 80.0
753, 77.0
754, 76.0
755, 79.0
756, 79.0
757, 81.0
758, 77.0
759, 76.0
760, 77.0
761, 83.0
762, 79.0
763, 80.0
764, 81.0
765, 81.0
766, 76.0
767, 80.0
768, 79.0
769, 76.0
770, 81.0
771, 81.0
772, 79.0
773, 75.0
774, 83.0
775, 80.0
776, 79.0
777, 75.0
778, 81.0
779, 77.0
780, 81.0
781, 76.0
782, 74.0
783, 76.0
784, 81.0
785, 77.0
786, 82.0
787, 75.0
788, 77.0
789, 78.0
790, 82.0
791, 77.0
792, 80.0
793, 76.0
794, 81.0
795, 81.0
796, 77.0
797, 80.0
798, 77.0
799, 79.0
800, 83.0
801, 84.0
802, 81.0
803, 80.0
804, 79.0
805, 81.0
806, 73.0
807, 81.0
808, 78.0
809, 80.0
810, 77.0
811, 82.0
812, 85.0
813, 80.0
814, 81.0
815, 80.0
816, 79.0
817, 80.0
818, 84.0
819, 80.0
820, 76.0
821, 81.0
822, 78.0
823, 76.0
824, 78.0
825, 80.0
826, 74.0
827, 80.0
828, 80.0
829, 76.0
830, 78.0
831, 76.0
832, 79.0
833, 80.0
834, 78.0
835, 80.0
836, 80.0
837, 78.0
838, 79.0
839, 80.0
840, 77.0
841, 83.0
842, 78.0
843, 78.0
844, 78.0
845, 83.0
846, 82.0
847, 80.0
848, 80.0
849, 80.0
850, 83.0
851, 82.0
852, 78.0
853, 81.0
854, 79.0
855, 77.0
856, 81.0
857, 81.0
858, 84.0
859, 77.0
860, 80.0
861, 77.0
862, 81.0
863, 80.0
864, 78.0
865, 77.0
866, 84.0
867, 80.0
868, 74.0
869, 78.0
870, 76.0
871, 76.0
872, 79.0
873, 81.0
874, 80.0
875, 77.0
876, 81.0
877, 76.0
878, 76.0
879, 80.0
880, 83.0
881, 75.0
882, 83.0
883, 81.0
884, 77.0
885, 77.0
886, 81.0
887, 78.0
888, 79.0
889, 81.0
890, 82.0
891, 81.0
892, 82.0
893, 77.0
894, 82.0
895, 79.0
896, 75.0
897, 81.0
898, 77.0
899, 77.0
900, 82.0
901, 77.0
902, 79.0
903, 79.0
904, 82.0
905, 79.0
906, 82.0
907, 79.0
908, 80.0
909, 74.0
910, 81.0
911, 75.0
912, 81.0
913, 77.0
914, 78.0
915, 74.0
916, 81.0
917, 80.0
918, 79.0
919, 81.0
920, 80.0
921, 77.0
922, 81.0
923, 76.0
924, 80.0
925, 80.0
926, 79.0
927, 77.0
928, 82.0
929, 78.0
930, 77.0
931, 80.0
932, 83.0
933, 78.0
934, 81.0
935, 80.0
936, 79.0
937, 76.0
938, 78.0
939, 78.0
940, 80.0
941, 81.0
942, 77.0
943, 81.0
944, 76.0
945, 79.0
946, 77.0
947, 77.0
948, 81.0
949, 82.0
950, 78.0
951, 79.0
952, 81.0
953, 81.0
954, 78.0
955, 78.0
956, 80.0
957, 84.0
958, 78.0
959, 76.0
960, 79.0
961, 79.0
962, 76.0
963, 80.0
964, 79.0
965, 80.0
966, 82.0
967, 76.0
968, 80.0
969, 78.0
970, 81.0
971, 78.0
972, 80.0
973, 81.0
974, 78.0
975, 79.0
976, 83.0
977, 77.0
978, 79.0
979, 83.0
980, 78.0
981, 80.0
982, 78.0
983, 77.0
984, 77.0
985, 80.0
986, 78.0
987, 82.0
988, 80.0
989, 83.0
990, 81.0
991, 79.0
992, 76.0
993, 82.0
994, 78.0
995, 81.0
996, 81.0
997, 76.0
998, 80.0
999, 74.0
1000, 79.0
1001, 83.0
1002, 80.0
1003, 80.0
1004, 78.0
1005, 81.0
1006, 77.0
1007, 78.0
1008, 82.0
1009, 78.0
1010, 79.0
1011, 83.0
1012, 81.0
1013, 78.0
1014, 82.0
1015, 78.0
1016, 78.0
1017, 83.0
1018, 76.0
1019, 78.0
1020, 77.0
1021, 79.0
1022, 81.0
1023, 81.0
1024, 76.0
1025, 78.0
1026, 77.0
1027, 82.0
1028, 83.0
1029, 79.0
1030, 77.0
1031, 81.0
1032, 81.0
1033, 80.0
1034, 76.0
1035, 76.0
1036, 79.0
1037, 77.0
1038, 79.0
1039, 76.0
1040, 77.0
1041, 84.0
1042, 80.0
1043, 80.0
1044, 79.0
1045, 79.0
1046, 78.0
1047, 78.0
1048, 81.0
1049, 80.0
1050, 80.0
1051, 83.0
1052, 85.0
1053, 80.0
1054, 79.0
1055, 80.0
1056, 76.0
1057, 80.0
1058, 76.0
1059, 79.0
1060, 78.0
1061, 80.0
1062, 76.0
1063, 80.0
1064, 80.0
1065, 80.0
1066, 78.0
1067, 81.0
1068, 80.0
1069, 81.0
1070, 81.0
1071, 75.0
1072, 80.0
1073, 80.0
1074, 78.0
1075, 83.0
1076, 81.0
1077, 84.0
1078, 78.0
1079, 83.0
1080, 83.0
1081, 77.0
1082, 82.0
1083, 80.0
1084, 77.0
1085, 83.0
1086, 73.0
1087, 81.0
1088, 77.0
1089, 82.0
1090, 80.0
1091, 77.0
1092, 83.0
1093, 80.0
1094, 82.0
1095, 82.0
1096, 80.0
1097, 76.0
1098, 81.0
1099, 80.0
1100, 80.0
1101, 78.0
1102, 79.0
1103, 80.0
1104, 77.0
1105, 82.0
1106, 81.0
1107, 82.0
1108, 81.0
1109, 79.0
1110, 81.0
1111, 76.0
1112, 79.0
1113, 80.0
1114, 79.0
1115, 80.0
1116, 79.0
1117, 79.0
1118, 81.0
1119, 80.0
1120, 81.0
1121, 80.0
1122, 80.0
1123, 77.0
1124, 75.0
1125, 83.0
1126, 79.0
1127, 87.0
1128, 81.0
1129, 84.0
1130, 79.0
1131, 78.0
1132, 83.0
1133, 79.0
1134, 79.0
1135, 79.0
1136, 77.0
1137, 78.0
1138, 82.0
1139, 80.0
1140, 78.0
1141, 83.0
1142, 81.0
1143, 80.0
1144, 82.0
1145, 82.0
1146, 79.0
1147, 80.0
1148, 80.0
1149, 77.0
1150, 80.0
1151, 78.0
1152, 82.0
1153, 78.0
1154, 81.0
1155, 81.0
1156, 81.0
1157, 82.0
1158, 82.0
1159, 78.0
1160, 84.0
1161, 75.0
1162, 82.0
1163, 77.0
1164, 78.0
1165, 82.0
1166, 78.0
1167, 83.0
1168, 81.0
1169, 80.0
1170, 78.0
1171, 78.0
1172, 78.0
1173, 80.0
1174, 75.0
1175, 83.0
1176, 82.0
1177, 78.0
1178, 82.0
1179, 82.0
1180, 84.0
1181, 80.0
1182, 79.0
1183, 82.0
1184, 80.0
1185, 83.0
1186, 81.0
1187, 79.0
1188, 83.0
1189, 82.0
1190, 82.0
1191, 76.0
1192, 81.0
1193, 79.0
1194, 81.0
1195, 83.0
1196, 90.0
1197, 80.0
1198, 79.0
1199, 77.0
1200, 79.0
1201, 79.0
1202, 79.0
1203, 79.0
1204, 77.0
1205, 78.0
1206, 80.0
1207, 80.0
1208, 80.0
1209, 80.0
1210, 82.0
1211, 75.0
1212, 82.0
1213, 86.0
1214, 80.0
1215, 80.0
1216, 83.0
1217, 83.0
1218, 81.0
1219, 82.0
1220, 77.0
1221, 81.0
1222, 81.0
1223, 80.0
1224, 78.0
1225, 75.0
1226, 79.0
1227, 84.0
1228, 80.0
1229, 79.0
1230, 81.0
1231, 82.0
1232, 80.0
1233, 81.0
1234, 78.0
1235, 76.0
1236, 83.0
1237, 79.0
1238, 82.0
1239, 80.0
1240, 80.0
1241, 80.0
1242, 79.0
1243, 76.0
1244, 80.0
1245, 82.0
1246, 77.0
1247, 81.0
1248, 80.0
1249, 76.0
1250, 83.0
1251, 79.0
1252, 81.0
1253, 79.0
1254, 81.0
1255, 81.0
1256, 82.0
1257, 87.0
1258, 77.0
1259, 75.0
1260, 81.0
1261, 76.0
1262, 81.0
1263, 77.0
1264, 80.0
1265, 78.0
1266, 81.0
1267, 83.0
1268, 81.0
1269, 81.0
1270, 80.0
1271, 80.0
1272, 82.0
1273, 80.0
1274, 77.0
1275, 78.0
1276, 80.0
1277, 86.0
1278, 83.0
1279, 77.0
1280, 78.0
1281, 77.0
1282, 80.0
1283, 81.0
1284, 82.0
1285, 80.0
1286, 80.0
1287, 85.0
1288, 80.0
1289, 84.0
1290, 83.0
1291, 81.0
1292, 82.0
1293, 78.0
1294, 81.0
1295, 81.0
1296, 76.0
1297, 76.0
1298, 83.0
1299, 79.0
1300, 83.0
1301, 87.0
1302, 81.0
1303, 80.0
1304, 82.0
1305, 80.0
1306, 83.0
1307, 78.0
1308, 78.0
1309, 79.0
1310, 75.0
1311, 76.0
1312, 82.0
1313, 79.0
1314, 78.0
1315, 80.0
1316, 77.0
1317, 82.0
1318, 81.0
1319, 81.0
1320, 81.0
1321, 82.0
1322, 77.0
1323, 80.0
1324, 80.0
1325, 83.0
1326, 78.0
1327, 79.0
1328, 77.0
1329, 83.0
1330, 81.0
1331, 80.0
1332, 81.0
1333, 78.0
1334, 80.0
1335, 80.0
1336, 84.0
1337, 77.0
1338, 83.0
1339, 81.0
1340, 81.0
1341, 81.0
1342, 81.0
1343, 81.0
1344, 80.0
1345, 82.0
1346, 78.0
1347, 78.0
1348, 84.0
1349, 80.0
1350, 78.0
1351, 81.0
1352, 83.0
1353, 84.0
1354, 81.0
1355, 80.0
1356, 80.0
1357, 83.0
1358, 81.0
1359, 80.0
1360, 79.0
1361, 84.0
1362, 83.0
1363, 80.0
1364, 83.0
1365, 82.0
1366, 86.0
1367, 81.0
1368, 81.0
1369, 83.0
1370, 83.0
1371, 80.0
1372, 80.0
1373, 81.0
1374, 82.0
1375, 76.0
1376, 82.0
1377, 77.0
1378, 84.0
1379, 82.0
1380, 77.0
1381, 80.0
1382, 84.0
1383, 80.0
1384, 81.0
1385, 83.0
1386, 80.0
1387, 77.0
1388, 79.0
1389, 80.0
1390, 87.0
1391, 82.0
1392, 80.0
1393, 79.0
1394, 83.0
1395, 82.0
1396, 80.0
1397, 83.0
1398, 81.0
1399, 80.0
1400, 82.0
1401, 77.0
1402, 77.0
1403, 82.0
1404, 81.0
1405, 83.0
1406, 78.0
1407, 81.0
1408, 82.0
1409, 82.0
1410, 82.0
1411, 82.0
1412, 85.0
1413, 85.0
1414, 81.0
1415, 84.0
1416, 80.0
1417, 80.0
1418, 84.0
1419, 80.0
1420, 82.0
1421, 84.0
1422, 83.0
1423, 81.0
1424, 77.0
1425, 84.0
1426, 79.0
1427, 82.0
1428, 79.0
1429, 81.0
1430, 82.0
1431, 82.0
1432, 82.0
1433, 82.0
1434, 79.0
1435, 81.0
1436, 79.0
1437, 82.0
1438, 81.0
1439, 80.0
1440, 82.0
1441, 80.0
1442, 81.0
1443, 77.0
1444, 78.0
1445, 83.0
1446, 86.0
1447, 80.0
1448, 77.0
1449, 87.0
1450, 83.0
1451, 82.0
1452, 85.0
1453, 79.0
1454, 81.0
1455, 82.0
1456, 81.0
1457, 81.0
1458, 81.0
1459, 78.0
1460, 83.0
1461, 79.0
1462, 81.0
1463, 81.0
1464, 80.0
1465, 85.0
1466, 80.0
1467, 84.0
1468, 86.0
1469, 84.0
1470, 82.0
1471, 79.0
1472, 82.0
1473, 85.0
1474, 82.0
1475, 85.0
1476, 83.0
1477, 78.0
1478, 82.0
1479, 80.0
1480, 84.0
1481, 81.0
1482, 80.0
1483, 82.0
1484, 81.0
1485, 82.0
1486, 86.0
1487, 80.0
1488, 81.0
1489, 88.0
1490, 81.0
1491, 82.0
1492, 84.0
1493, 82.0
1494, 82.0
1495, 84.0
1496, 88.0
1497, 82.0
1498, 88.0
1499, 80.0
1500, 83.0
1501, 83.0
1502, 83.0
1503, 83.0
1504, 86.0
1505, 85.0
1506, 80.0
1507, 83.0
1508, 82.0
1509, 86.0
1510, 83.0
1511, 84.0
1512, 84.0
1513, 84.0
1514, 86.0
1515, 81.0
1516, 80.0
1517, 84.0
1518, 82.0
1519, 82.0
1520, 85.0
1521, 85.0
1522, 82.0
1523, 80.0
1524, 80.0
1525, 78.0
1526, 84.0
1527, 86.0
1528, 81.0
1529, 83.0
1530, 82.0
1531, 84.0
1532, 85.0
1533, 86.0
1534, 82.0
1535, 81.0
1536, 85.0
1537, 80.0
1538, 87.0
1539, 82.0
1540, 85.0
1541, 85.0
1542, 86.0
1543, 82.0
1544, 87.0
1545, 86.0
1546, 81.0
1547, 82.0
1548, 85.0
1549, 82.0
1550, 84.0
1551, 86.0
1552, 85.0
1553, 88.0
1554, 84.0
1555, 90.0
1556, 84.0
1557, 85.0
1558, 85.0
1559, 84.0
1560, 88.0
1561, 88.0
1562, 83.0
1563, 88.0
1564, 82.0
1565, 84.0
1566, 86.0
1567, 86.0
1568, 86.0
1569, 82.0
1570, 85.0
1571, 86.0
1572, 89.0
1573, 85.0
1574, 89.0
1575, 82.0
1576, 88.0
1577, 82.0
1578, 84.0
1579, 91.0
1580, 86.0
1581, 89.0
1582, 84.0
1583, 86.0
1584, 83.0
1585, 84.0
1586, 84.0
1587, 80.0
1588, 84.0
1589, 86.0
1590, 83.0
1591, 85.0
1592, 87.0
1593, 88.0
1594, 84.0
1595, 90.0
1596, 88.0
1597, 86.0
1598, 89.0
1599, 81.0
1600, 84.0
1601, 84.0
1602, 83.0
1603, 84.0
1604, 86.0
1605, 90.0
1606, 86.0
1607, 86.0
1608, 90.0
1609, 87.0
1610, 89.0
1611, 84.0
1612, 83.0
1613, 90.0
1614, 87.0
1615, 90.0
1616, 86.0
1617, 87.0
1618, 91.0
1619, 88.0
1620, 90.0
1621, 85.0
1622, 91.0
1623, 87.0
1624, 89.0
1625, 88.0
1626, 89.0
1627, 86.0
1628, 88.0
1629, 88.0
1630, 93.0
1631, 87.0
1632, 87.0
1633, 84.0
1634, 88.0
1635, 85.0
1636, 92.0
1637, 86.0
1638, 91.0
1639, 88.0
1640, 91.0
1641, 84.0
1642, 91.0
1643, 87.0
1644, 95.0
1645, 86.0
1646, 90.0
1647, 94.0
1648, 93.0
1649, 93.0
1650, 91.0
1651, 90.0
1652, 90.0
1653, 92.0
1654, 92.0
1655, 89.0
1656, 91.0
1657, 87.0
1658, 90.0
1659, 92.0
1660, 97.0
1661, 87.0
1662, 91.0
1663, 93.0
1664, 90.0
1665, 91.0
1666, 94.0
1667, 90.0
1668, 92.0
1669, 91.0
1670, 91.0
1671, 99.0
1672, 95.0
1673, 91.0
1674, 87.0
1675, 94.0
1676, 96.0
1677, 96.0
1678, 91.0
1679, 92.0
1680, 93.0
1681, 94.0
1682, 94.0
1683, 99.0
1684, 96.0
1685, 96.0
1686, 94.0
1687, 96.0
1688, 95.0
1689, 97.0
1690,101.0
1691, 96.0
1692, 98.0
1693, 99.0
1694, 98.0
1695, 98.0
1696, 99.0
1697, 99.0
1698, 94.0
1699,101.0
1700, 97.0
1701, 95.0
1702, 99.0
1703,100.0
1704,103.0
1705, 98.0
1706, 97.0
1707, 96.0
1708,106.0
1709, 98.0
1710,104.0
1711,100.0
1712,106.0
1713,106.0
1714, 99.0
1715,103.0
1716,100.0
1717,100.0
1718,106.0
1719,104.0
1720,101.0
1721,105.0
1722,104.0
1723,100.0
1724,107.0
1725, 97.0
1726,103.0
1727,108.0
1728,105.0
1729,107.0
1730,107.0
1731,106.0
1732,102.0
1733,105.0
1734,108.0
1735,107.0
1736,109.0
1737,107.0
1738,109.0
1739,110.0
1740,113.0
1741,112.0
1742,110.0
1743,108.0
1744,112.0
1745,109.0
1746,112.0
1747,114.0
1748,108.0
1749,110.0
1750,113.0
1751,108.0
1752,110.0
1753,114.0
1754,113.0
1755,116.0
1756,113.0
1757,113.0
1758,111.0
1759,108.0
1760,112.0
1761,111.0
1762,113.0
1763,112.0
1764,112.0
1765,111.0
1766,114.0
1767,110.0
1768,115.0
1769,119.0
1770,121.0
1771,125.0
1772,124.0
1773,126.0
1774,126.0
1775,126.0
1776,119.0
1777,124.0
1778,125.0
1779,131.0
1780,128.0
1781,127.0
1782,130.0
1783,128.0
1784,129.0
1785,129.0
1786,129.0
1787,131.0
1788,135.0
1789,134.0
1790,137.0
1791,134.0
1792,131.0
1793,132.0
1794,134.0
1795,137.0
1796,136.0
1797,137.0
1798,138.0
1799,139.0
1800,146.0
1801,142.0
1802,147.0
1803,152.0
1804,147.0
1805,148.0
1806,146.0
1807,147.0
1808,146.0
1809,151.0
1810,147.0
1811,150.0
1812,153.0
1813,152.0
1814,157.0
1815,150.0
1816,150.0
1817,154.0
1818,160.0
1819,163.0
1820,160.0
1821,153.0
1822,160.0
1823,160.0
1824,161.0
1825,162.0
1826,165.0
1827,163.0
1828,167.0
1829,173.0
1830,164.0
1831,162.0
1832,165.0
1833,172.0
1834,171.0
1835,172.0
1836,174.0
1837,169.0
1838,173.0
1839,179.0
1840,182.0
1841,180.0
1842,176.0
1843,174.0
1844,181.0
1845,178.0
1846,172.0
1847,177.0
1848,174.0
1849,182.0
1850,182.0
1851,193.0
1852,190.0
1853,183.0
1854,194.0
1855,201.0
1856,200.0
1857,194.0
1858,197.0
1859,197.0
1860,201.0
1861,197.0
1862,207.0
1863,202.0
1864,191.0
1865,205.0
1866,209.0
1867,211.0
1868,215.0
1869,213.0
1870,209.0
1871,222.0
1872,210.0
1873,211.0
1874,219.0
1875,213.0
1876,209.0
1877,216.0
1878,225.0
1879,218.0
1880,221.0
1881,225.0
1882,219.0
1883,224.0
1884,231.0
1885,226.0
1886,224.0
1887,229.0
1888,238.0
1889,231.0
1890,228.0
1891,235.0
1892,232.0
1893,237.0
1894,239.0
1895,239.0
1896,232.0
1897,236.0
1898,241.0
1899,242.0
1900,244.0
1901,236.0
1902,240.0
1903,243.0
1904,247.0
1905,241.0
1906,243.0
1907,244.0
1908,242.0
1909,235.0
1910,246.0
1911,247.0
1912,235.0
1913,237.0
1914,229.0
1915,232.0
1916,235.0
1917,229.0
1918,224.0
1919,236.0
1920,230.0
1921,244.0
1922,243.0
1923,246.0
1924,254.0
1925,253.0
1926,257.0
1927,259.0
1928,255.0
1929,249.0
1930,247.0
1931,258.0
1932,254.0
1933,253.0
1934,252.0
1935,252.0
1936,260.0
1937,250.0
1938,257.0
1939,253.0
1940,253.0
1941,253.0
1942,263.0
1943,252.0
1944,252.0
1945,251.0
1946,260.0
1947,259.0
1948,255.0
1949,249.0
1950,264.0
1951,259.0
1952,263.0
1953,259.0
1954,253.0
1955,258.0
1956,252.0
1957,251.0
1958,252.0
1959,245.0
1960,251.0
1961,254.0
1962,256.0
1963,254.0
1964,251.0
1965,254.0
1966,248.0
1967,249.0
1968,253.0
1969,246.0
1970,246.0
1971,240.0
1972,244.0
1973,246.0
1974,245.0
1975,229.0
1976,230.0
1977,237.0
1978,238.0
1979,239.0
1980,229.0
1981,227.0
1982,238.0
1983,226.0
1984,230.0
1985,231.0
1986,230.0
1987,229.0
1988,229.0
1989,234.0
1990,230.0
1991,228.0
1992,223.0
1993,218.0
1994,226.0
1995,226.0
1996,216.0
1997,221.0
1998,219.0
1999,222.0
2000,217.0
2001,215.0
2002,214.0
2003,219.0
2004,209.0
2005,216.0
2006,204.0
2007,216.0
2008,203.0
2009,204.0
2010,210.0
2011,202.0
2012,204.0
2013,197.0
2014,207.0
2015,204.0
2016,213.0
2017,204.0
2018,198.0
2019,190.0
2020,196.0
2021,202.0
2022,195.0
2023,188.0
2024,190.0
2025,192.0
2026,192.0
2027,186.0
2028,188.0
2029,194.0
2030,191.0
2031,179.0
2032,183.0
2033,174.0
2034,164.0
2035,158.0
2036,160.0
2037,156.0
2038,156.0
2039,152.0
2040,154.0
2041,163.0
2042,177.0
2043,177.0
2044,180.0
2045,186.0
2046,180.0
2047,179.0
2048,173.0
2049,170.0
2050,168.0
2051,169.0
2052,168.0
2053,168.0
2054,169.0
2055,160.0
2056,161.0
2057,158.0
2058,161.0
2059,160.0
2060,157.0
2061,164.0
2062,159.0
2063,159.0
2064,157.0
2065,154.0
2066,152.0
2067,154.0
2068,152.0
2069,154.0
2070,153.0
2071,153.0
2072,145.0
2073,149.0
2074,146.0
2075,153.0
2076,148.0
2077,148.0
2078,150.0
2079,148.0
2080,140.0
2081,142.0
2082,145.0
2083,147.0
2084,146.0
2085,141.0
2086,144.0
2087,140.0
2088,141.0
2089,138.0
2090,138.0
2091,141.0
2092,135.0
2093,142.0
2094,138.0
2095,137.0
2096,132.0
2097,134.0
2098,135.0
2099,137.0
2100,141.0
2101,129.0
2102,133.0
2103,133.0
2104,134.0
2105,130.0
2106,130.0
2107,134.0
2108,126.0
2109,128.0
2110,121.0
2111,128.0
2112,125.0
2113,119.0
2114,127.0
2115,120.0
2116,121.0
2117,124.0
2118,127.0
2119,128.0
2120,127.0
2121,119.0
2122,123.0
2123,126.0
2124,118.0
2125,126.0
2126,120.0
2127,121.0
2128,118.0
2129,119.0
2130,115.0
2131,115.0
2132,118.0
2133,112.0
2134,119.0
2135,120.0
2136,112.0
2137,118.0
2138,117.0
2139,122.0
2140,118.0
2141,115.0
2142,115.0
2143,112.0
2144,114.0
2145,113.0
2146,115.0
2147,111.0
2148,115.0
2149,112.0
2150,109.0
2151,118.0
2152,115.0
2153,114.0
2154,110.0
2155,114.0
2156,110.0
2157,114.0
2158,109.0
2159,109.0
2160,110.0
2161,113.0
2162,113.0
2163,110.0
2164,109.0
2165,109.0
2166,109.0
2167,109.0
2168,104.0
2169,107.0
2170,103.0
2171,106.0
2172,101.0
2173,103.0
2174,103.0
2175, 98.0
2176,109.0
2177,107.0
2178,106.0
2179,105.0
2180,105.0
2181,108.0
2182,106.0
2183,104.0
2184,103.0
2185,102.0
2186,108.0
2187,105.0
2188,104.0
2189,101.0
2190,101.0
2191,105.0
2192, 99.0
2193,107.0
2194,103.0
2195,108.0
2196,101.0
2197,101.0
2198,100.0
2199, 97.0
2200, 98.0
2201, 97.0
2202,102.0
2203, 99.0
2204,101.0
2205,103.0
2206,101.0
2207,101.0
2208, 98.0
2209, 96.0
2210, 95.0
2211, 96.0
2212,104.0
2213,104.0
2214, 97.0
2215,102.0
2216, 99.0
2217,104.0
2218, 97.0
2219, 96.0
2220, 98.0
2221,102.0
2222, 95.0
2223,100.0
2224, 94.0
2225, 96.0
2226,103.0
2227, 98.0
2228, 98.0
2229, 96.0
2230, 99.0
2231,101.0
2232, 93.0
2233, 96.0
2234, 97.0
2235, 95.0
2236, 96.0
2237, 96.0
2238, 93.0
2239, 97.0
2240, 99.0
2241, 96.0
2242, 89.0
2243, 95.0
2244, 96.0
2245, 97.0
2246, 99.0
2247, 98.0
2248, 93.0
2249, 92.0
2250, 91.0
2251, 95.0
2252, 94.0
2253, 92.0
2254,100.0
2255, 92.0
2256, 93.0
2257, 92.0
2258, 92.0
2259, 92.0
2260, 94.0
2261, 94.0
2262, 91.0
2263, 94.0
2264, 95.0
2265, 92.0
2266, 90.0
2267, 96.0
2268, 97.0
2269, 89.0
2270, 92.0
2271, 92.0
2272, 92.0
2273, 89.0
2274, 95.0
2275, 92.0
2276, 94.0
2277, 95.0
2278, 95.0
2279, 94.0
2280, 92.0
2281, 93.0
2282, 91.0
2283, 90.0
2284, 92.0
2285, 92.0
2286, 95.0
2287, 89.0
2288, 95.0
2289, 91.0
2290, 95.0
2291, 91.0
2292, 95.0
2293, 92.0
2294, 94.0
2295, 92.0
2296, 92.0
2297, 92.0
2298, 94.0
2299, 91.0
2300, 86.0
2301, 92.0
2302, 95.0
2303, 91.0
2304, 94.0
2305, 89.0
2306, 92.0
2307, 91.0
2308, 89.0
2309, 86.0
2310, 88.0
2311, 90.0
2312, 91.0
2313, 88.0
2314, 90.0
2315, 87.0
2316, 92.0
2317, 86.0
2318, 90.0
2319, 89.0
2320, 89.0
2321, 88.0
2322, 89.0
2323, 86.0
2324, 83.0
2325, 86.0
2326, 86.0
2327, 88.0
2328, 91.0
2329, 88.0
2330, 87.0
2331, 88.0
2332, 87.0
2333, 92.0
2334, 90.0
2335, 86.0
2336, 86.0
2337, 86.0
2338, 89.0
2339, 85.0
2340, 93.0
2341, 92.0
2342, 86.0
2343, 89.0
2344, 90.0
2345, 90.0
2346, 89.0
2347, 91.0
2348, 89.0
2349, 88.0
2350, 91.0
2351, 91.0
2352, 84.0
2353, 83.0
2354, 87.0
2355, 83.0
2356, 88.0
2357, 90.0
2358, 89.0
2359, 88.0
2360, 89.0
2361, 86.0
2362, 87.0
2363, 89.0
2364, 88.0
2365, 89.0
2366, 85.0
2367, 85.0
2368, 88.0
2369, 86.0
2370, 89.0
2371, 87.0
2372, 87.0
2373, 90.0
2374, 91.0
2375, 80.0
2376, 87.0
2377, 87.0
2378, 91.0
2379, 85.0
2380, 88.0
2381, 82.0
2382, 86.0
2383, 85.0
2384, 83.0
2385, 86.0
2386, 88.0
2387, 86.0
2388, 85.0
2389, 86.0
2390, 85.0
2391, 85.0
2392, 86.0
2393, 89.0
2394, 87.0
2395, 83.0
2396, 87.0
2397, 87.0
2398, 87.0
2399, 85.0
2400, 84.0
2401, 89.0
2402, 84.0
2403, 86.0
2404, 83.0
2405, 84.0
2406, 91.0
2407, 84.0
2408, 88.0
2409, 83.0
2410, 86.0
2411, 84.0
2412, 89.0
2413, 89.0
2414, 87.0
2415, 87.0
2416, 87.0
2417, 90.0
2418, 88.0
2419, 85.0
2420, 85.0
2421, 86.0
2422, 88.0
2423, 88.0
2424, 87.0
2425, 85.0
2426, 86.0
2427, 82.0
2428, 87.0
2429, 83.0
2430, 84.0
2431, 88.0
2432, 88.0
2433, 83.0
2434, 84.0
2435, 88.0
2436, 84.0
2437, 84.0
2438, 85.0
2439, 79.0
2440, 83.0
2441, 88.0
2442, 83.0
2443, 87.0
2444, 84.0
2445, 84.0
2446, 81.0
2447, 84.0
2448, 87.0
2449, 88.0
2450, 87.0
2451, 86.0
2452, 78.0
2453, 83.0
2454, 86.0
2455, 85.0
2456, 82.0
2457, 88.0
2458, 81.0
2459, 85.0
2460, 82.0
2461, 81.0
2462, 85.0
2463, 84.0
2464, 90.0
2465, 86.0
2466, 83.0
2467, 83.0
2468, 86.0
2469, 83.0
2470, 87.0
2471, 85.0
2472, 81.0
2473, 82.0
2474, 84.0
2475, 84.0
2476, 82.0
2477, 85.0
2478, 84.0
2479, 81.0
2480, 89.0
2481, 84.0
2482, 83.0
2483, 80.0
2484, 82.0
2485, 85.0
2486, 81.0
2487, 83.0
2488, 82.0
2489, 86.0
2490, 86.0
2491, 81.0
2492, 87.0
2493, 83.0
2494, 82.0
2495, 85.0
2496, 83.0
2497, 84.0
2498, 84.0
2499, 82.0
2500, 87.0
2501, 84.0
2502, 85.0
2503, 79.0
2504, 81.0
2505, 81.0
2506, 81.0
2507, 80.0
2508, 81.0
2509, 80.0
2510, 84.0
2511, 85.0
2512, 86.0
2513, 83.0
2514, 85.0
2515, 80.0
2516, 87.0
2517, 82.0
2518, 78.0
2519, 80.0
2520, 82.0
2521, 86.0
2522, 82.0
2523, 83.0
2524, 85.0
2525, 84.0
2526, 84.0
2527, 83.0
2528, 84.0
2529, 82.0
2530, 84.0
2531, 83.0
2532, 84.0
2533, 80.0
2534, 83.0
2535, 82.0
2536, 82.0
2537, 83.0
2538, 83.0
2539, 82.0
2540, 82.0
2541, 81.0
2542, 81.0
2543, 84.0
2544, 84.0
2545, 78.0
2546, 83.0
2547, 84.0
2548, 82.0
2549, 82.0
2550, 82.0
2551, 78.0
2552, 81.0
2553, 80.0
2554, 84.0
2555, 83.0
2556, 81.0
2557, 85.0
2558, 87.0
2559, 83.0
2560, 82.0
2561, 82.0
2562, 82.0
2563, 84.0
2564, 82.0
2565, 82.0
2566, 81.0
2567, 84.0
2568, 81.0
2569, 79.0
2570, 82.0
2571, 88.0
2572, 78.0
2573, 84.0
2574, 84.0
2575, 84.0
2576, 86.0
2577, 84.0
2578, 82.0
2579, 85.0
2580, 77.0
2581, 81.0
2582, 77.0
2583, 83.0
2584, 84.0
2585, 84.0
2586, 81.0
2587, 82.0
2588, 80.0
2589, 81.0
2590, 80.0
2591, 80.0
2592, 80.0
2593, 78.0
2594, 84.0
2595, 78.0
2596, 83.0
2597, 85.0
2598, 81.0
2599, 78.0
2600, 86.0
2601, 82.0
2602, 83.0
2603, 83.0
2604, 81.0
2605, 80.0
2606, 73.0
2607, 86.0
2608, 81.0
2609, 82.0
2610, 86.0
2611, 85.0
2612, 77.0
2613, 81.0
2614, 89.0
2615, 83.0
2616, 76.0
2617, 84.0
2618, 82.0
2619, 78.0
2620, 83.0
2621, 83.0
2622, 82.0
2623, 81.0
2624, 82.0
2625, 85.0
2626, 87.0
2627, 80.0
2628, 80.0
2629, 85.0
2630, 83.0
2631, 81.0
2632, 83.0
2633, 82.0
2634, 80.0
2635, 80.0
2636, 83.0
2637, 79.0
2638, 82.0
2639, 81.0
2640, 83.0
2641, 77.0
2642, 78.0
2643, 81.0
2644, 81.0
2645, 78.0
2646, 78.0
2647, 83.0
2648, 80.0
2649, 78.0
2650, 82.0
2651, 83.0
2652, 83.0
2653, 81.0
2654, 84.0
2655, 79.0
2656, 87.0
2657, 79.0
2658, 78.0
2659, 82.0
2660, 81.0
2661, 81.0
2662, 81.0
2663, 83.0
2664, 88.0
2665, 81.0
2666, 84.0
2667, 80.0
2668, 82.0
2669, 83.0
2670, 83.0
2671, 79.0
2672, 78.0
2673, 80.0
2674, 76.0
2675, 80.0
2676, 82.0
2677, 84.0
2678, 80.0
2679, 79.0
2680, 77.0
2681, 82.0
2682, 79.0
2683, 81.0
2684, 85.0
2685, 79.0
2686, 78.0
2687, 83.0
2688, 80.0
2689, 81.0
2690, 80.0
2691, 83.0
2692, 77.0
2693, 82.0
2694, 83.0
2695, 82.0
2696, 77.0
2697, 86.0
2698, 83.0
2699, 86.0
2700, 81.0
2701, 81.0
2702, 86.0
2703, 81.0
2704, 86.0
2705, 82.0
2706, 81.0
2707, 79.0
2708, 80.0
2709, 78.0
2710, 84.0
2711, 79.0
2712, 80.0
2713, 81.0
2714, 84.0
2715, 77.0
2716, 83.0
2717, 79.0
2718, 84.0
2719, 79.0
2720, 84.0
2721, 80.0
2722, 82.0
2723, 83.0
2724, 78.0
2725, 79.0
2726, 77.0
2727, 80.0
2728, 77.0
2729, 83.0
2730, 79.0
2731, 79.0
2732, 83.0
2733, 81.0
2734, 81.0
2735, 82.0
2736, 82.0
2737, 83.0
2738, 84.0
2739, 79.0
2740, 77.0
2741, 79.0
2742, 79.0
2743, 79.0
2744, 83.0
2745, 79.0
2746, 81.0
2747, 80.0
2748, 84.0
2749, 79.0
2750, 83.0
2751, 77.0
2752, 78.0
2753, 82.0
2754, 77.0
2755, 79.0
2756, 80.0
2757, 78.0
2758, 81.0
2759, 77.0
2760, 83.0
2761, 78.0
2762, 80.0
2763, 79.0
2764, 82.0
2765, 77.0
2766, 82.0
2767, 80.0
2768, 79.0
2769, 78.0
2770, 79.0
2771, 76.0
2772, 80.0
2773, 79.0
2774, 80.0
2775, 82.0
2776, 82.0
2777, 80.0
2778, 77.0
2779, 79.0
2780, 85.0
2781, 80.0
2782, 80.0
2783, 80.0
2784, 82.0
2785, 86.0
2786, 79.0
2787, 81.0
2788, 79.0
2789, 82.0
2790, 75.0
2791, 81.0
2792, 78.0
2793, 73.0
2794, 81.0
2795, 78.0
2796, 78.0
2797, 83.0
2798, 79.0
2799, 83.0
2800, 77.0
2801, 81.0
2802, 78.0
2803, 80.0
2804, 79.0
2805, 74.0
2806, 83.0
2807, 78.0
2808, 75.0
2809, 79.0
2810, 78.0
2811, 76.0
2812, 78.0
2813, 79.0
2814, 83.0
2815, 79.0
2816, 83.0
2817, 79.0
2818, 78.0
2819, 84.0
2820, 76.0
2821, 78.0
2822, 80.0
2823, 80.0
2824, 81.0
2825, 78.0
2826, 82.0
2827, 82.0
2828, 81.0
2829, 78.0
2830, 74.0
2831, 74.0
2832, 82.0
2833, 85.0
2834, 80.0
2835, 80.0
2836, 81.0
2837, 74.0
2838, 77.0
2839, 78.0
2840, 73.0
2841, 78.0
2842, 79.0
2843, 80.0
2844, 80.0
2845, 79.0
2846, 85.0
2847, 78.0
2848, 76.0
2849, 79.0
2850, 76.0
2851, 80.0
2852, 83.0
2853, 83.0
2854, 74.0
2855, 85.0
2856, 81.0
2857, 82.0
2858, 78.0
2859, 80.0
2860, 79.0
2861, 82.0
2862, 81.0
2863, 80.0
2864, 78.0
2865, 79.0
2866, 80.0
2867, 83.0
2868, 80.0
2869, 82.0
2870, 78.0
2871, 80.0
2872, 78.0
2873, 81.0
2874, 78.0
2875, 83.0
2876, 85.0
2877, 80.0
2878, 81.0
2879, 74.0
2880, 81.0
2881, 76.0
2882, 79.0
2883, 81.0
2884, 78.0
2885, 77.0
2886, 81.0
2887, 84.0
2888, 81.0
2889, 79.0
2890, 77.0
2891, 80.0
2892, 82.0
2893, 77.0
2894, 80.0
2895, 83.0
2896, 82.0
2897, 82.0
2898, 74.0
2899, 80.0
2900, 76.0
2901, 75.0
2902, 81.0
2903, 77.0
2904, 79.0
2905, 82.0
2906, 81.0
2907, 81.0
2908, 78.0
2909, 77.0
2910, 81.0
2911, 76.0
2912, 78.0
2913, 75.0
2914, 81.0
2915, 77.0
2916, 80.0
2917, 81.0
2918, 80.0
2919, 82.0
2920, 79.0
2921, 77.0
2922, 79.0
2923, 79.0
2924, 78.0
2925, 81.0
2926, 82.0
2927, 82.0
2928, 79.0
2929, 87.0
2930, 79.0
2931, 80.0
2932, 78.0
2933, 78.0
2934, 79.0
2935, 80.0
2936, 80.0
2937, 78.0
2938, 79.0
2939, 80.0
2940, 82.0
2941, 77.0
2942, 73.0
2943, 79.0
2944, 83.0
2945, 80.0
2946, 78.0
2947, 77.0
2948, 85.0
2949, 80.0
2950, 83.0
2951, 78.0
2952, 80.0
2953, 81.0
2954, 80.0
2955, 82.0
2956, 79.0
2957, 80.0
2958, 77.0
2959, 82.0
2960, 76.0
2961, 81.0
2962, 82.0
2963, 84.0
2964, 81.0
2965, 82.0
2966, 79.0
2967, 74.0
2968, 78.0
2969, 81.0
2970, 78.0
2971, 78.0
2972, 74.0
2973, 77.0
2974, 78.0
2975, 83.0
2976, 79.0
2977, 78.0
2978, 85.0
2979, 77.0
2980, 80.0
2981, 80.0
2982, 83.0
2983, 81.0
2984, 78.0
2985, 82.0
2986, 81.0
2987, 75.0
2988, 82.0
2989, 80.0
2990, 79.0
2991, 83.0
2992, 85.0
2993, 76.0
2994, 80.0
2995, 78.0
2996, 78.0
2997, 80.0
2998, 82.0
2999, 82.0
3000, 72.0
3001, 81.0
3002, 79.0
3003, 80.0
3004, 84.0
3005, 82.0
3006, 76.0
3007, 81.0
3008, 79.0
3009, 82.0
3010, 77.0
3011, 80.0
3012, 81.0
3013, 78.0
3014, 83.0
3015, 79.0
3016, 85.0
3017, 79.0
3018, 84.0
3019, 77.0
3020, 75.0
3021, 78.0
3022, 76.0
3023, 80.0
3024, 80.0
3025, 77.0
3026, 81.0
3027, 79.0
3028, 83.0
3029, 83.0
3030, 76.0
3031, 76.0
3032, 77.0
3033, 77.0
3034, 80.0
3035, 76.0
3036, 84.0
3037, 78.0
3038, 77.0
3039, 75.0
3040, 83.0
3041, 80.0
3042, 78.0
3043, 82.0
3044, 77.0
3045, 79.0
3046, 80.0
3047, 79.0
3048, 79.0
3049, 76.0
3050, 78.0
3051, 79.0
3052, 78.0
3053, 76.0
3054, 79.0
3055, 79.0
3056, 77.0
3057, 77.0
3058, 80.0
3059, 77.0
3060, 77.0
3061, 81.0
3062, 81.0
3063, 76.0
3064, 76.0
3065, 78.0
3066, 86.0
3067, 77.0
3068, 80.0
3069, 80.0
3070, 82.0
3071, 78.0
3072, 79.0
3073, 76.0
3074, 78.0
3075, 83.0
3076, 78.0
3077, 81.0
3078, 81.0
3079, 80.0
3080, 78.0
3081, 81.0
3082, 82.0
3083, 83.0
3084, 74.0
3085, 82.0
3086, 80.0
3087, 76.0
3088, 81.0
3089, 80.0
3090, 79.0
3091, 79.0
3092, 78.0
3093, 78.0
3094, 81.0
3095, 78.0
3096, 77.0
3097, 82.0
3098, 82.0
3099, 78.0
3100, 82.0
3101, 80.0
3102, 81.0
3103, 79.0
3104, 78.0
3105, 74.0
3106, 79.0
3107, 81.0
3108, 77.0
3109, 78.0
3110, 81.0
3111, 76.0
3112, 76.0
3113, 81.0
3114, 78.0
3115, 75.0
3116, 78.0
3117, 81.0
3118, 81.0
3119, 81.0
3120, 80.0
3121, 79.0
3122, 77.0
3123, 79.0
3124, 79.0
3125, 78.0
3126, 79.0
3127, 80.0
3128, 79.0
3129, 78.0
3130, 77.0
3131, 82.0
3132, 82.0
3133, 86.0
3134, 82.0
3135, 79.0
3136, 81.0
3137, 83.0
3138, 78.0
3139, 79.0
3140, 78.0
3141, 80.0
3142, 81.0
3143, 80.0
3144, 79.0
3145, 81.0
3146, 82.0
3147, 80.0
3148, 83.0
3149, 80.0
3150, 80.0
3151, 83.0
3152, 76.0
3153, 81.0
3154, 77.0
3155, 76.0
3156, 80.0
3157, 74.0
3158, 80.0
3159, 84.0
3160, 75.0
3161, 75.0
3162, 76.0
3163, 82.0
3164, 79.0
3165, 78.0
3166, 77.0
3167, 80.0
3168, 80.0
3169, 78.0
3170, 78.0
3171, 80.0
3172, 82.0
3173, 76.0
3174, 78.0
3175, 82.0
3176, 74.0
3177, 80.0
3178, 77.0
3179, 80.0
3180, 81.0
3181, 73.0
3182, 78.0
3183, 79.0
3184, 82.0
3185, 81.0
3186, 82.0
3187, 77.0
3188, 84.0
3189, 80.0
3190, 78.0
3191, 76.0
3192, 76.0
3193, 82.0
3194, 80.0
3195, 75.0
3196, 84.0
3197, 76.0
3198, 78.0
3199, 81.0
3200, 75.0
3201, 77.0
3202, 77.0
3203, 77.0
3204, 77.0
3205, 79.0
3206, 80.0
3207, 76.0
3208, 80.0
3209, 76.0
3210, 76.0
3211, 75.0
3212, 81.0
3213, 80.0
3214, 77.0
3215, 79.0
3216, 75.0
3217, 82.0
3218, 81.0
3219, 77.0
3220, 79.0
3221, 78.0
3222, 81.0
3223, 79.0
3224, 78.0
3225, 83.0
3226, 83.0
3227, 78.0
3228, 79.0
3229, 81.0
3230, 80.0
3231, 74.0
3232, 78.0
3233, 78.0
3234, 78.0
3235, 79.0
3236, 76.0
3237, 81.0
3238, 77.0
3239, 83.0
3240, 76.0
3241, 80.0
3242, 76.0
3243, 77.0
3244, 79.0
3245, 76.0
3246, 81.0
3247, 82.0
3248, 78.0
3249, 80.0
3250, 80.0
3251, 83.0
3252, 80.0
3253, 78.0
3254, 77.0
3255, 77.0
3256, 75.0
3257, 82.0
3258, 76.0
3259, 79.0
3260, 79.0
3261, 84.0
3262, 84.0
3263, 76.0
3264, 76.0
3265, 79.0
3266, 76.0
3267, 78.0
3268, 79.0
3269, 81.0
3270, 80.0
3271, 80.0
3272, 79.0
3273, 80.0
3274, 78.0
3275, 78.0
3276, 83.0
3277, 80.0
3278, 81.0
3279, 80.0
3280, 78.0
3281, 76.0
3282, 77.0
3283, 80.0
3284, 79.0
3285, 84.0
3286, 81.0
3287, 75.0
3288, 78.0
3289, 81.0
3290, 82.0
3291, 83.0
3292, 77.0
3293, 80.0
3294, 77.0
3295, 80.0
3296, 76.0
3297, 76.0
3298, 80.0
3299, 77.0
3300, 78.0
3301, 75.0
3302, 79.0
3303, 78.0
3304, 78.0
3305, 80.0
3306, 72.0
3307, 79.0
3308, 81.0
3309, 80.0
3310, 78.0
3311, 80.0
3312, 80.0
3313, 82.0
3314, 82.0
3315, 80.0
3316, 76.0
3317, 82.0
3318, 75.0
3319, 81.0
3320, 81.0
3321, 78.0
3322, 83.0
3323, 81.0
3324, 79.0
3325, 82.0
3326, 82.0
3327, 78.0
3328, 82.0
3329, 82.0
3330, 78.0
3331, 79.0
3332, 79.0
3333, 81.0
3334, 80.0
3335, 81.0
3336, 83.0
3337, 79.0
3338, 80.0
3339, 80.0
3340, 81.0
3341, 79.0
3342, 77.0
3343, 78.0
3344, 82.0
3345, 76.0
3346, 80.0
3347, 80.0
3348, 78.0
3349, 84.0
3350, 83.0
3351, 78.0
3352, 79.0
3353, 76.0
3354, 80.0
3355, 77.0
3356, 78.0
3357, 81.0
3358, 77.0
3359, 78.0
3360, 77.0
3361, 80.0
3362, 87.0
3363, 80.0
3364, 83.0
3365, 79.0
3366, 80.0
3367, 78.0
3368, 81.0
3369, 79.0
3370, 81.0
3371, 78.0
3372, 78.0
3373, 70.0
3374, 78.0
3375, 81.0
3376, 77.0
3377, 80.0
3378, 76.0
3379, 80.0
3380, 80.0
3381, 78.0
3382, 81.0
3383, 82.0
3384, 79.0
3385, 81.0
3386, 82.0
3387, 80.0
3388, 83.0
3389, 75.0
3390, 83.0
3391, 81.0
3392, 80.0
3393, 84.0
3394, 80.0
3395, 75.0
3396, 84.0
3397, 77.0
3398, 82.0
3399, 79.0
3400, 75.0
3401, 77.0
3402, 76.0
3403, 77.0
3404, 79.0
3405, 83.0
3406, 82.0
3407, 80.0
3408, 79.0
3409, 80.0
3410, 81.0
3411, 82.0
3412, 81.0
3413, 75.0
3414, 81.0
3415, 79.0
3416, 79.0
3417, 77.0
3418, 78.0
3419, 76.0
3420, 82.0
3421, 83.0
3422, 83.0
3423, 77.0
3424, 81.0
3425, 79.0
3426, 81.0
3427, 79.0
3428, 81.0
3429, 82.0
3430, 80.0
3431, 82.0
3432, 81.0
3433, 80.0
3434, 79.0
3435, 82.0
3436, 78.0
3437, 78.0
3438, 82.0
3439, 78.0
3440, 80.0
3441, 76.0
3442, 78.0
3443, 81.0
3444, 78.0
3445, 82.0
3446, 82.0
3447, 80.0
3448, 78.0
3449, 80.0
3450, 81.0
3451, 80.0
3452, 79.0
3453, 80.0
3454, 78.0
3455, 79.0
3456, 81.0
3457, 81.0
3458, 84.0
3459, 77.0
3460, 78.0
3461, 81.0
3462, 85.0
3463, 78.0
3464, 73.0
3465, 78.0
3466, 80.0
3467, 79.0
3468, 85.0
3469, 80.0
3470, 82.0
3471, 84.0
3472, 81.0
3473, 80.0
3474, 80.0
3475, 76.0
3476, 81.0
3477, 80.0
3478, 81.0
3479, 81.0
3480, 81.0
3481, 80.0
3482, 77.0
3483, 77.0
3484, 78.0
3485, 74.0
3486, 80.0
3487, 78.0
3488, 81.0
3489, 75.0
3490, 81.0
3491, 76.0
3492, 81.0
3493, 81.0
3494, 78.0
3495, 83.0
3496, 86.0
3497, 82.0
3498, 79.0
3499, 77.0
3500, 79.0
3501, 83.0
3502, 82.0
3503, 80.0
3504, 80.0
3505, 76.0
3506, 74.0
3507, 77.0
3508, 78.0
3509, 83.0
3510, 81.0
3511, 78.0
3512, 78.0
3513, 77.0
3514, 77.0
3515, 81.0
3516, 79.0
3517, 82.0
3518, 78.0
3519, 75.0
3520, 80.0
3521, 81.0
3522, 79.0
3523, 78.0
3524, 81.0
3525, 80.0
3526, 80.0
3527, 80.0
3528, 84.0
3529, 80.0
3530, 80.0
3531, 79.0
3532, 79.0
3533, 80.0
3534, 80.0
3535, 83.0
3536, 78.0
3537, 78.0
3538, 79.0
3539, 83.0
3540, 78.0
3541, 74.0
3542, 83.0
3543, 79.0
3544, 81.0
3545, 77.0
3546, 81.0
3547, 79.0
3548, 84.0
3549, 79.0
3550, 79.0
3551, 84.0
3552, 75.0
3553, 77.0
3554, 83.0
3555, 78.0
3556, 80.0
3557, 81.0
3558, 78.0
3559, 82.0
3560, 83.0
3561, 79.0
3562, 77.0
3563, 77.0
3564, 80.0
3565, 80.0
3566, 81.0
3567, 79.0
3568, 79.0
3569, 77.0
3570, 77.0
3571, 78.0
3572, 80.0
3573, 78.0
3574, 80.0
3575, 82.0
3576, 78.0
3577, 80.0
3578, 77.0
3579, 82.0
3580, 78.0
3581, 80.0
3582, 80.0
3583, 81.0
3584, 80.0
3585, 79.0
3586, 84.0
3587, 78.0
3588, 82.0
3589, 82.0
3590, 81.0
3591, 86.0
3592, 77.0
3593, 80.0
3594, 80.0
3595, 78.0
3596, 83.0
3597, 76.0
3598, 78.0
3599, 75.0
3600, 77.0
3601, 76.0
3602, 81.0
3603, 80.0
3604, 81.0
3605, 78.0
3606, 77.0
3607, 76.0
3608, 77.0
3609, 85.0
3610, 77.0
3611, 80.0
3612, 80.0
3613, 80.0
3614, 83.0
3615, 80.0
3616, 79.0
3617, 80.0
3618, 77.0
3619, 85.0
3620, 83.0
3621, 79.0
3622, 76.0
3623, 80.0
3624, 79.0
3625, 81.0
3626, 82.0
3627, 78.0
3628, 82.0
3629, 78.0
3630, 79.0
3631, 80.0
3632, 81.0
3633, 78.0
3634, 80.0
3635, 85.0
3636, 81.0
3637, 81.0
3638, 84.0
3639, 79.0
3640, 78.0
3641, 80.0
3642, 76.0
3643, 76.0
3644, 77.0
3645, 78.0
3646, 83.0
3647,  1.0

