Single
3648
Scan 0,   
0, 76.0
1, 78.0
2, 81.0
3, 81.0
4, 82.0
5, 80.0
6, 82.0
7, 77.0
8, 78.0
9, 80.0
10, 78.0
11, 79.0
12, 81.0
13, 79.0
14, 80.0
15, 79.0
16, 83.0
17, 82.0
18, 81.0
19, 79.0
20, 83.0
21, 82.0
22, 82.0
23, 76.0
24, 76.0
25, 79.0
26, 78.0
27, 79.0
28, 82.0
29, 83.0
30, 78.0
31, 81.0
32, 73.0
33, 82.0
34, 79.0
35, 77.0
36, 82.0
37, 78.0
38, 81.0
39, 81.0
40, 86.0
41, 76.0
42, 78.0
43, 78.0
44, 79.0
45, 82.0
46, 83.0
47, 82.0
48, 83.0
49, 76.0
50, 80.0
51, 82.0
52, 81.0
53, 80.0
54, 76.0
55, 82.0
56, 81.0
57, 80.0
58, 79.0
59, 83.0
60, 82.0
61, 80.0
62, 78.0
63, 78.0
64, 78.0
65, 80.0
66, 78.0
67, 77.0
68, 78.0
69, 78.0
70, 79.0
71, 75.0
72, 82.0
73, 79.0
74, 83.0
75, 78.0
76, 77.0
77, 75.0
78, 81.0
79, 82.0
80, 78.0
81, 82.0
82, 82.0
83, 78.0
84, 82.0
85, 76.0
86, 76.0
87, 79.0
88, 79.0
89, 80.0
90, 79.0
91, 78.0
92, 83.0
93, 84.0
94, 79.0
95, 84.0
96, 81.0
97, 83.0
98, 78.0
99, 77.0
100, 77.0
101, 85.0
102, 80.0
103, 80.0
104, 79.0
105, 79.0
106, 78.0
107, 78.0
108, 81.0
109, 81.0
110, 81.0
111, 79.0
112, 81.0
113, 81.0
114, 82.0
115, 80.0
116, 82.0
117, 76.0
118, 82.0
119, 78.0
120, 79.0
121, 81.0
122, 83.0
123, 80.0
124, 77.0
125, 78.0
126, 81.0
127, 80.0
128, 85.0
129, 79.0
130, 82.0
131, 81.0
132, 82.0
133, 83.0
134, 79.0
135, 78.0
136, 80.0
137, 79.0
138, 77.0
139, 78.0
140, 78.0
141, 76.0
142, 75.0
143, 78.0
144, 81.0
145, 81.0
146, 81.0
147, 80.0
148, 83.0
149, 85.0
150, 75.0
151, 83.0
152, 81.0
153, 77.0
154, 78.0
155, 77.0
156, 79.0
157, 75.0
158, 77.0
159, 83.0
160, 82.0
161, 80.0
162, 83.0
163, 82.0
164, 78.0
165, 78.0
166, 83.0
167, 80.0
168, 81.0
169, 80.0
170, 81.0
171, 83.0
172, 79.0
173, 81.0
174, 80.0
175, 80.0
176, 80.0
177, 78.0
178, 80.0
179, 77.0
180, 81.0
181, 78.0
182, 80.0
183, 78.0
184, 81.0
185, 80.0
186, 80.0
187, 81.0
188, 85.0
189, 79.0
190, 76.0
191, 80.0
192, 78.0
193, 81.0
194, 83.0
195, 81.0
196, 75.0
197, 79.0
198, 81.0
199, 79.0
200, 81.0
201, 80.0
202, 77.0
203, 80.0
204, 80.0
205, 79.0
206, 76.0
207, 80.0
208, 78.0
209, 78.0
210, 78.0
211, 81.0
212, 81.0
213, 82.0
214, 80.0
215, 79.0
216, 80.0
217, 78.0
218, 82.0
219, 79.0
220, 76.0
221, 78.0
222, 81.0
223, 81.0
224, 81.0
225, 79.0
226, 78.0
227, 84.0
228, 82.0
229, 76.0
230, 79.0
231, 78.0
232, 81.0
233, 76.0
234, 79.0
235, 81.0
236, 80.0
237, 80.0
238, 79.0
239, 78.0
240, 79.0
241, 79.0
242, 81.0
243, 75.0
244, 79.0
245, 80.0
246, 79.0
247, 78.0
248, 81.0
249, 79.0
250, 75.0
251, 79.0
252, 80.0
253, 82.0
254, 80.0
255, 83.0
256, 80.0
257, 78.0
258, 82.0
259, 80.0
260, 84.0
261, 87.0
262, 80.0
263, 80.0
264, 78.0
265, 78.0
266, 83.0
267, 79.0
268, 81.0
269, 82.0
270, 81.0
271, 77.0
272, 80.0
273, 80.0
274, 82.0
275, 81.0
276, 82.0
277, 81.0
278, 80.0
279, 78.0
280, 75.0
281, 80.0
282, 79.0
283, 79.0
284, 79.0
285, 80.0
286, 85.0
287, 78.0
288, 82.0
289, 79.0
290, 78.0
291, 76.0
292, 77.0
293, 81.0
294, 79.0
295, 78.0
296, 78.0
297, 84.0
298, 80.0
299, 78.0
300, 79.0
301, 80.0
302, 82.0
303, 81.0
304, 82.0
305, 78.0
306, 79.0
307, 76.0
308, 82.0
309, 79.0
310, 78.0
311, 83.0
312, 76.0
313, 80.0
314, 79.0
315, 81.0
316, 81.0
317, 83.0
318, 78.0
319, 77.0
320, 78.0
321, 80.0
322, 80.0
323, 78.0
324, 84.0
325, 79.0
326, 81.0
327, 78.0
328, 82.0
329, 82.0
330, 81.0
331, 76.0
332, 78.0
333, 79.0
334, 78.0
335, 79.0
336, 82.0
337, 76.0
338, 79.0
339, 76.0
340, 78.0
341, 80.0
342, 78.0
343, 76.0
344, 81.0
345, 76.0
346, 82.0
347, 83.0
348, 80.0
349, 80.0
350, 79.0
351, 76.0
352, 84.0
353, 80.0
354, 79.0
355, 81.0
356, 82.0
357, 81.0
358, 81.0
359, 79.0
360, 77.0
361, 81.0
362, 77.0
363, 83.0
364, 80.0
365, 80.0
366, 80.0
367, 80.0
368, 77.0
369, 79.0
370, 78.0
371, 76.0
372, 77.0
373, 84.0
374, 75.0
375, 81.0
376, 77.0
377, 80.0
378, 81.0
379, 79.0
380, 82.0
381, 79.0
382, 78.0
383, 82.0
384, 80.0
385, 78.0
386, 78.0
387, 81.0
388, 82.0
389, 80.0
390, 81.0
391, 77.0
392, 80.0
393, 77.0
394, 79.0
395, 80.0
396, 83.0
397, 79.0
398, 80.0
399, 77.0
400, 80.0
401, 82.0
402, 77.0
403, 82.0
404, 83.0
405, 81.0
406, 82.0
407, 80.0
408, 79.0
409, 82.0
410, 77.0
411, 80.0
412, 76.0
413, 81.0
414, 78.0
415, 80.0
416, 80.0
417, 81.0
418, 76.0
419, 82.0
420, 83.0
421, 81.0
422, 81.0
423, 79.0
424, 83.0
425, 78.0
426, 81.0
427, 78.0
428, 81.0
429, 79.0
430, 84.0
431, 77.0
432, 80.0
433, 83.0
434, 77.0
435, 81.0
436, 78.0
437, 85.0
438, 78.0
439, 78.0
440, 80.0
441, 83.0
442, 76.0
443, 79.0
444, 80.0
445, 77.0
446, 81.0
447, 79.0
448, 85.0
449, 82.0
450, 82.0
451, 80.0
452, 79.0
453, 84.0
454, 82.0
455, 78.0
456, 78.0
457, 80.0
458, 81.0
459, 80.0
460, 84.0
461, 84.0
462, 81.0
463, 83.0
464, 77.0
465, 83.0
466, 76.0
467, 74.0
468, 86.0
469, 81.0
470, 84.0
471, 80.0
472, 83.0
473, 82.0
474, 78.0
475, 82.0
476, 76.0
477, 78.0
478, 79.0
479, 76.0
480, 79.0
481, 79.0
482, 79.0
483, 82.0
484, 78.0
485, 78.0
486, 81.0
487, 75.0
488, 82.0
489, 79.0
490, 81.0
491, 80.0
492, 78.0
493, 81.0
494, 77.0
495, 84.0
496, 79.0
497, 84.0
498, 81.0
499, 80.0
500, 81.0
501, 81.0
502, 78.0
503, 82.0
504, 80.0
505, 80.0
506, 81.0
507, 83.0
508, 80.0
509, 82.0
510, 82.0
511, 84.0
512, 81.0
513, 81.0
514, 80.0
515, 78.0
516, 78.0
517, 78.0
518, 81.0
519, 78.0
520, 77.0
521, 78.0
522, 80.0
523, 80.0
524, 80.0
525, 80.0
526, 76.0
527, 79.0
528, 82.0
529, 81.0
530, 79.0
531, 80.0
532, 81.0
533, 79.0
534, 80.0
535, 78.0
536, 83.0
537, 79.0
538, 80.0
539, 77.0
540, 78.0
541, 83.0
542, 80.0
543, 77.0
544, 78.0
545, 82.0
546, 77.0
547, 78.0
548, 79.0
549, 83.0
550, 80.0
551, 78.0
552, 82.0
553, 78.0
554, 77.0
555, 83.0
556, 79.0
557, 84.0
558, 81.0
559, 80.0
560, 82.0
561, 83.0
562, 81.0
563, 79.0
564, 80.0
565, 80.0
566, 80.0
567, 79.0
568, 78.0
569, 81.0
570, 80.0
571, 80.0
572, 77.0
573, 79.0
574, 82.0
575, 78.0
576, 81.0
577, 76.0
578, 79.0
579, 85.0
580, 81.0
581, 78.0
582, 83.0
583, 78.0
584, 80.0
585, 84.0
586, 79.0
587, 81.0
588, 76.0
589, 80.0
590, 78.0
591, 79.0
592, 83.0
593, 79.0
594, 81.0
595, 81.0
596, 77.0
597, 78.0
598, 79.0
599, 76.0
600, 80.0
601, 78.0
602, 77.0
603, 82.0
604, 81.0
605, 84.0
606, 81.0
607, 80.0
608, 80.0
609, 75.0
610, 82.0
611, 76.0
612, 81.0
613, 80.0
614, 80.0
615, 78.0
616, 80.0
617, 79.0
618, 81.0
619, 79.0
620, 82.0
621, 81.0
622, 77.0
623, 78.0
624, 77.0
625, 78.0
626, 75.0
627, 83.0
628, 79.0
629, 79.0
630, 81.0
631, 79.0
632, 80.0
633, 82.0
634, 78.0
635, 80.0
636, 81.0
637, 77.0
638, 82.0
639, 87.0
640, 82.0
641, 76.0
642, 76.0
643, 78.0
644, 77.0
645, 79.0
646, 77.0
647, 74.0
648, 78.0
649, 81.0
650, 78.0
651, 79.0
652, 80.0
653, 78.0
654, 81.0
655, 80.0
656, 80.0
657, 80.0
658, 83.0
659, 81.0
660, 84.0
661, 83.0
662, 78.0
663, 80.0
664, 76.0
665, 82.0
666, 81.0
667, 80.0
668, 80.0
669, 78.0
670, 78.0
671, 77.0
672, 82.0
673, 80.0
674, 80.0
675, 79.0
676, 88.0
677, 81.0
678, 80.0
679, 80.0
680, 84.0
681, 77.0
682, 80.0
683, 78.0
684, 78.0
685, 78.0
686, 77.0
687, 76.0
688, 81.0
689, 75.0
690, 79.0
691, 81.0
692, 77.0
693, 78.0
694, 76.0
695, 76.0
696, 80.0
697, 79.0
698, 82.0
699, 80.0
700, 81.0
701, 78.0
702, 82.0
703, 82.0
704, 81.0
705, 79.0
706, 81.0
707, 79.0
708, 77.0
709, 81.0
710, 83.0
711, 80.0
712, 84.0
713, 80.0
714, 78.0
715, 78.0
716, 83.0
717, 79.0
718, 78.0
719, 81.0
720, 79.0
721, 81.0
722, 79.0
723, 80.0
724, 81.0
725, 82.0
726, 80.0
727, 79.0
728, 82.0
729, 76.0
730, 81.0
731, 82.0
732, 79.0
733, 82.0
734, 80.0
735, 81.0
736, 78.0
737, 76.0
738, 84.0
739, 79.0
740, 81.0
741, 80.0
742, 80.0
743, 80.0
744, 78.0
745, 86.0
746, 84.0
747, 81.0
748, 80.0
749, 78.0
750, 80.0
751, 75.0
752, 81.0
753, 80.0
754, 83.0
755, 78.0
756, 86.0
757, 79.0
758, 84.0
759, 78.0
760, 83.0
761, 77.0
762, 82.0
763, 76.0
764, 78.0
765, 79.0
766, 77.0
767, 81.0
768, 80.0
769, 81.0
770, 80.0
771, 82.0
772, 78.0
773, 80.0
774, 76.0
775, 83.0
776, 82.0
777, 79.0
778, 80.0
779, 78.0
780, 82.0
781, 80.0
782, 80.0
783, 77.0
784, 79.0
785, 84.0
786, 81.0
787, 82.0
788, 84.0
789, 77.0
790, 79.0
791, 82.0
792, 80.0
793, 81.0
794, 79.0
795, 80.0
796, 79.0
797, 75.0
798, 80.0
799, 80.0
800, 82.0
801, 82.0
802, 80.0
803, 76.0
804, 79.0
805, 77.0
806, 83.0
807, 79.0
808, 82.0
809, 79.0
810, 81.0
811, 80.0
812, 75.0
813, 79.0
814, 79.0
815, 77.0
816, 80.0
817, 82.0
818, 80.0
819, 79.0
820, 79.0
821, 83.0
822, 79.0
823, 82.0
824, 80.0
825, 83.0
826, 81.0
827, 84.0
828, 82.0
829, 80.0
830, 83.0
831, 76.0
832, 75.0
833, 83.0
834, 83.0
835, 83.0
836, 84.0
837, 75.0
838, 82.0
839, 78.0
840, 80.0
841, 86.0
842, 84.0
843, 83.0
844, 79.0
845, 79.0
846, 79.0
847, 79.0
848, 79.0
849, 77.0
850, 82.0
851, 84.0
852, 80.0
853, 78.0
854, 81.0
855, 80.0
856, 81.0
857, 81.0
858, 81.0
859, 79.0
860, 81.0
861, 81.0
862, 80.0
863, 78.0
864, 80.0
865, 81.0
866, 79.0
867, 80.0
868, 85.0
869, 79.0
870, 81.0
871, 77.0
872, 83.0
873, 81.0
874, 81.0
875, 79.0
876, 81.0
877, 77.0
878, 82.0
879, 81.0
880, 81.0
881, 82.0
882, 82.0
883, 80.0
884, 79.0
885, 82.0
886, 79.0
887, 78.0
888, 80.0
889, 82.0
890, 76.0
891, 81.0
892, 81.0
893, 81.0
894, 81.0
895, 80.0
896, 81.0
897, 78.0
898, 81.0
899, 80.0
900, 77.0
901, 76.0
902, 80.0
903, 82.0
904, 82.0
905, 81.0
906, 84.0
907, 76.0
908, 83.0
909, 80.0
910, 78.0
911, 84.0
912, 81.0
913, 76.0
914, 84.0
915, 84.0
916, 79.0
917, 78.0
918, 79.0
919, 80.0
920, 77.0
921, 81.0
922, 82.0
923, 78.0
924, 81.0
925, 75.0
926, 80.0
927, 82.0
928, 80.0
929, 73.0
930, 83.0
931, 80.0
932, 77.0
933, 77.0
934, 80.0
935, 84.0
936, 78.0
937, 83.0
938, 78.0
939, 78.0
940, 82.0
941, 83.0
942, 82.0
943, 84.0
944, 84.0
945, 75.0
946, 75.0
947, 76.0
948, 79.0
949, 80.0
950, 75.0
951, 78.0
952, 81.0
953, 86.0
954, 85.0
955, 87.0
956, 81.0
957, 79.0
958, 80.0
959, 78.0
960, 80.0
961, 77.0
962, 79.0
963, 80.0
964, 80.0
965, 79.0
966, 82.0
967, 76.0
968, 82.0
969, 77.0
970, 80.0
971, 80.0
972, 81.0
973, 79.0
974, 82.0
975, 81.0
976, 80.0
977, 77.0
978, 80.0
979, 80.0
980, 82.0
981, 77.0
982, 80.0
983, 77.0
984, 77.0
985, 77.0
986, 80.0
987, 79.0
988, 84.0
989, 80.0
990, 79.0
991, 77.0
992, 81.0
993, 81.0
994, 77.0
995, 76.0
996, 78.0
997, 82.0
998, 83.0
999, 82.0
1000, 82.0
1001, 82.0
1002, 77.0
1003, 80.0
1004, 83.0
1005, 75.0
1006, 83.0
1007, 76.0
1008, 83.0
1009, 80.0
1010, 84.0
1011, 78.0
1012, 80.0
1013, 82.0
1014, 81.0
1015, 81.0
1016, 85.0
1017, 84.0
1018, 82.0
1019, 81.0
1020, 83.0
1021, 78.0
1022, 80.0
1023, 79.0
1024, 81.0
1025, 80.0
1026, 80.0
1027, 78.0
1028, 80.0
1029, 81.0
1030, 78.0
1031, 79.0
1032, 76.0
1033, 79.0
1034, 82.0
1035, 83.0
1036, 86.0
1037, 78.0
1038, 78.0
1039, 85.0
1040, 79.0
1041, 82.0
1042, 83.0
1043, 82.0
1044, 82.0
1045, 82.0
1046, 80.0
1047, 84.0
1048, 78.0
1049, 79.0
1050, 80.0
1051, 86.0
1052, 82.0
1053, 79.0
1054, 80.0
1055, 83.0
1056, 78.0
1057, 80.0
1058, 85.0
1059, 86.0
1060, 80.0
1061, 80.0
1062, 83.0
1063, 83.0
1064, 82.0
1065, 81.0
1066, 79.0
1067, 76.0
1068, 80.0
1069, 81.0
1070, 81.0
1071, 85.0
1072, 81.0
1073, 82.0
1074, 77.0
1075, 76.0
1076, 85.0
1077, 80.0
1078, 77.0
1079, 76.0
1080, 77.0
1081, 86.0
1082, 82.0
1083, 84.0
1084, 81.0
1085, 79.0
1086, 79.0
1087, 81.0
1088, 86.0
1089, 83.0
1090, 82.0
1091, 76.0
1092, 80.0
1093, 82.0
1094, 79.0
1095, 80.0
1096, 82.0
1097, 82.0
1098, 82.0
1099, 82.0
1100, 78.0
1101, 79.0
1102, 80.0
1103, 80.0
1104, 77.0
1105, 77.0
1106, 80.0
1107, 80.0
1108, 80.0
1109, 81.0
1110, 82.0
1111, 78.0
1112, 82.0
1113, 85.0
1114, 81.0
1115, 84.0
1116, 83.0
1117, 83.0
1118, 79.0
1119, 82.0
1120, 78.0
1121, 76.0
1122, 82.0
1123, 82.0
1124, 82.0
1125, 77.0
1126, 81.0
1127, 82.0
1128, 81.0
1129, 82.0
1130, 79.0
1131, 82.0
1132, 80.0
1133, 77.0
1134, 79.0
1135, 76.0
1136, 80.0
1137, 78.0
1138, 79.0
1139, 76.0
1140, 76.0
1141, 77.0
1142, 79.0
1143, 82.0
1144, 79.0
1145, 77.0
1146, 82.0
1147, 78.0
1148, 83.0
1149, 83.0
1150, 81.0
1151, 79.0
1152, 81.0
1153, 79.0
1154, 77.0
1155, 78.0
1156, 84.0
1157, 81.0
1158, 82.0
1159, 79.0
1160, 78.0
1161, 80.0
1162, 84.0
1163, 83.0
1164, 79.0
1165, 84.0
1166, 82.0
1167, 80.0
1168, 78.0
1169, 82.0
1170, 83.0
1171, 77.0
1172, 82.0
1173, 77.0
1174, 80.0
1175, 84.0
1176, 82.0
1177, 81.0
1178, 84.0
1179, 74.0
1180, 84.0
1181, 85.0
1182, 79.0
1183, 84.0
1184, 78.0
1185, 78.0
1186, 82.0
1187, 76.0
1188, 85.0
1189, 81.0
1190, 83.0
1191, 82.0
1192, 79.0
1193, 84.0
1194, 81.0
1195, 78.0
1196, 83.0
1197, 79.0
1198, 81.0
1199, 82.0
1200, 80.0
1201, 81.0
1202, 80.0
1203, 80.0
1204, 83.0
1205, 80.0
1206, 86.0
1207, 81.0
1208, 80.0
1209, 83.0
1210, 79.0
1211, 79.0
1212, 82.0
1213, 83.0
1214, 83.0
1215, 82.0
1216, 79.0
1217, 78.0
1218, 81.0
1219, 85.0
1220, 81.0
1221, 82.0
1222, 82.0
1223, 78.0
1224, 81.0
1225, 82.0
1226, 82.0
1227, 80.0
1228, 83.0
1229, 83.0
1230, 80.0
1231, 76.0
1232, 79.0
1233, 83.0
1234, 82.0
1235, 81.0
1236, 78.0
1237, 83.0
1238, 80.0
1239, 82.0
1240, 80.0
1241, 81.0
1242, 83.0
1243, 79.0
1244, 79.0
1245, 81.0
1246, 81.0
1247, 84.0
1248, 84.0
1249, 79.0
1250, 80.0
1251, 80.0
1252, 82.0
1253, 82.0
1254, 83.0
1255, 85.0
1256, 77.0
1257, 82.0
1258, 83.0
1259, 82.0
1260, 83.0
1261, 82.0
1262, 86.0
1263, 81.0
1264, 85.0
1265, 83.0
1266, 81.0
1267, 81.0
1268, 82.0
1269, 84.0
1270, 83.0
1271, 80.0
1272, 80.0
1273, 80.0
1274, 81.0
1275, 79.0
1276, 80.0
1277, 82.0
1278, 80.0
1279, 82.0
1280, 80.0
1281, 82.0
1282, 79.0
1283, 78.0
1284, 77.0
1285, 84.0
1286, 79.0
1287, 79.0
1288, 80.0
1289, 83.0
1290, 86.0
1291, 83.0
1292, 88.0
1293, 85.0
1294, 84.0
1295, 83.0
1296, 88.0
1297, 89.0
1298, 79.0
1299, 79.0
1300, 77.0
1301, 82.0
1302, 84.0
1303, 80.0
1304, 83.0
1305, 82.0
1306, 82.0
1307, 82.0
1308, 80.0
1309, 77.0
1310, 81.0
1311, 85.0
1312, 82.0
1313, 82.0
1314, 83.0
1315, 82.0
1316, 83.0
1317, 85.0
1318, 86.0
1319, 83.0
1320, 80.0
1321, 82.0
1322, 80.0
1323, 82.0
1324, 81.0
1325, 80.0
1326, 80.0
1327, 84.0
1328, 83.0
1329, 83.0
1330, 86.0
1331, 82.0
1332, 84.0
1333, 80.0
1334, 79.0
1335, 85.0
1336, 80.0
1337, 80.0
1338, 82.0
1339, 82.0
1340, 79.0
1341, 82.0
1342, 82.0
1343, 81.0
1344, 86.0
1345, 82.0
1346, 79.0
1347, 81.0
1348, 83.0
1349, 80.0
1350, 80.0
1351, 81.0
1352, 83.0
1353, 84.0
1354, 79.0
1355, 85.0
1356, 81.0
1357, 81.0
1358, 84.0
1359, 88.0
1360, 82.0
1361, 83.0
1362, 81.0
1363, 86.0
1364, 82.0
1365, 82.0
1366, 82.0
1367, 85.0
1368, 81.0
1369, 81.0
1370, 80.0
1371, 80.0
1372, 80.0
1373, 84.0
1374, 80.0
1375, 79.0
1376, 81.0
1377, 84.0
1378, 77.0
1379, 81.0
1380, 81.0
1381, 82.0
1382, 85.0
1383, 83.0
1384, 80.0
1385, 80.0
1386, 83.0
1387, 81.0
1388, 84.0
1389, 77.0
1390, 80.0
1391, 80.0
1392, 84.0
1393, 86.0
1394, 85.0
1395, 83.0
1396, 82.0
1397, 79.0
1398, 83.0
1399, 84.0
1400, 78.0
1401, 88.0
1402, 85.0
1403, 86.0
1404, 82.0
1405, 83.0
1406, 84.0
1407, 84.0
1408, 82.0
1409, 84.0
1410, 88.0
1411, 79.0
1412, 83.0
1413, 86.0
1414, 81.0
1415, 83.0
1416, 81.0
1417, 84.0
1418, 82.0
1419, 86.0
1420, 85.0
1421, 82.0
1422, 87.0
1423, 86.0
1424, 82.0
1425, 84.0
1426, 84.0
1427, 84.0
1428, 80.0
1429, 83.0
1430, 81.0
1431, 84.0
1432, 84.0
1433, 85.0
1434, 84.0
1435, 81.0
1436, 84.0
1437, 87.0
1438, 85.0
1439, 85.0
1440, 86.0
1441, 80.0
1442, 88.0
1443, 84.0
1444, 87.0
1445, 84.0
1446, 85.0
1447, 86.0
1448, 82.0
1449, 82.0
1450, 80.0
1451, 83.0
1452, 84.0
1453, 82.0
1454, 83.0
1455, 85.0
1456, 86.0
1457, 80.0
1458, 80.0
1459, 82.0
1460, 83.0
1461, 80.0
1462, 81.0
1463, 84.0
1464, 84.0
1465, 83.0
1466, 85.0
1467, 82.0
1468, 86.0
1469, 81.0
1470, 84.0
1471, 86.0
1472, 87.0
1473, 86.0
1474, 81.0
1475, 81.0
1476, 84.0
1477, 81.0
1478, 82.0
1479, 87.0
1480, 87.0
1481, 83.0
1482, 86.0
1483, 81.0
1484, 87.0
1485, 85.0
1486, 83.0
1487, 87.0
1488, 88.0
1489, 83.0
1490, 84.0
1491, 79.0
1492, 86.0
1493, 86.0
1494, 85.0
1495, 84.0
1496, 85.0
1497, 83.0
1498, 85.0
1499, 82.0
1500, 83.0
1501, 88.0
1502, 86.0
1503, 84.0
1504, 84.0
1505, 87.0
1506, 89.0
1507, 86.0
1508, 84.0
1509, 85.0
1510, 84.0
1511, 87.0
1512, 85.0
1513, 87.0
1514, 88.0
1515, 83.0
1516, 82.0
1517, 83.0
1518, 86.0
1519, 86.0
1520, 85.0
1521, 84.0
1522, 84.0
1523, 86.0
1524, 85.0
1525, 88.0
1526, 85.0
1527, 87.0
1528, 90.0
1529, 85.0
1530, 80.0
1531, 88.0
1532, 88.0
1533, 87.0
1534, 89.0
1535, 90.0
1536, 86.0
1537, 85.0
1538, 86.0
1539, 80.0
1540, 85.0
1541, 82.0
1542, 91.0
1543, 86.0
1544, 86.0
1545, 89.0
1546, 82.0
1547, 88.0
1548, 88.0
1549, 87.0
1550, 90.0
1551, 86.0
1552, 89.0
1553, 86.0
1554, 90.0
1555, 84.0
1556, 84.0
1557, 84.0
1558, 89.0
1559, 88.0
1560, 88.0
1561, 82.0
1562, 92.0
1563, 84.0
1564, 89.0
1565, 88.0
1566, 90.0
1567, 90.0
1568, 88.0
1569, 85.0
1570, 90.0
1571, 87.0
1572, 86.0
1573, 87.0
1574, 92.0
1575, 86.0
1576, 89.0
1577, 88.0
1578, 89.0
1579, 90.0
1580, 87.0
1581, 91.0
1582, 90.0
1583, 88.0
1584, 84.0
1585, 88.0
1586, 87.0
1587, 88.0
1588, 86.0
1589, 88.0
1590, 92.0
1591, 87.0
1592, 88.0
1593, 88.0
1594, 86.0
1595, 91.0
1596, 94.0
1597, 91.0
1598, 89.0
1599, 90.0
1600, 86.0
1601, 89.0
1602, 92.0
1603, 88.0
1604, 92.0
1605, 88.0
1606, 96.0
1607, 91.0
1608, 90.0
1609, 86.0
1610, 93.0
1611, 91.0
1612, 89.0
1613, 90.0
1614, 91.0
1615, 92.0
1616, 87.0
1617, 90.0
1618, 93.0
1619, 91.0
1620, 93.0
1621, 89.0
1622, 92.0
1623, 94.0
1624, 96.0
1625, 89.0
1626, 95.0
1627, 89.0
1628, 93.0
1629, 94.0
1630, 92.0
1631, 95.0
1632, 94.0
1633, 96.0
1634, 90.0
1635, 95.0
1636, 96.0
1637, 91.0
1638, 97.0
1639, 87.0
1640, 97.0
1641, 93.0
1642, 93.0
1643, 90.0
1644, 96.0
1645, 99.0
1646, 94.0
1647, 95.0
1648, 94.0
1649, 99.0
1650, 97.0
1651, 99.0
1652, 99.0
1653, 96.0
1654, 97.0
1655, 91.0
1656, 96.0
1657, 98.0
1658, 94.0
1659, 94.0
1660, 99.0
1661, 96.0
1662,102.0
1663,100.0
1664,100.0
1665, 95.0
1666, 99.0
1667, 96.0
1668, 99.0
1669,103.0
1670,100.0
1671, 96.0
1672,102.0
1673,101.0
1674, 98.0
1675, 98.0
1676,104.0
1677,104.0
1678, 98.0
1679,100.0
1680,105.0
1681,104.0
1682,104.0
1683,102.0
1684, 99.0
1685,100.0
1686, 95.0
1687,105.0
1688,105.0
1689,104.0
1690,101.0
1691,102.0
1692,102.0
1693, 98.0
1694,106.0
1695,106.0
1696,106.0
1697,104.0
1698,108.0
1699,106.0
1700,109.0
1701,107.0
1702,108.0
1703,106.0
1704,106.0
1705,106.0
1706,111.0
1707,106.0
1708,108.0
1709,110.0
1710,112.0
1711,107.0
1712,109.0
1713,110.0
1714,108.0
1715,109.0
1716,113.0
1717,114.0
1718,113.0
1719,111.0
1720,111.0
1721,116.0
1722,119.0
1723,115.0
1724,114.0
1725,115.0
1726,120.0
1727,118.0
1728,117.0
1729,117.0
1730,120.0
1731,116.0
1732,120.0
1733,118.0
1734,117.0
1735,122.0
1736,119.0
1737,122.0
1738,122.0
1739,123.0
1740,123.0
1741,127.0
1742,124.0
1743,130.0
1744,126.0
1745,132.0
1746,126.0
1747,128.0
1748,130.0
1749,126.0
1750,127.0
1751,132.0
1752,128.0
1753,131.0
1754,136.0
1755,135.0
1756,124.0
1757,129.0
1758,124.0
1759,128.0
1760,128.0
1761,129.0
1762,125.0
1763,125.0
1764,128.0
1765,125.0
1766,132.0
1767,135.0
1768,135.0
1769,141.0
1770,147.0
1771,149.0
1772,146.0
1773,148.0
1774,142.0
1775,152.0
1776,152.0
1777,154.0
1778,150.0
1779,158.0
1780,155.0
1781,164.0
1782,157.0
1783,157.0
1784,155.0
1785,163.0
1786,165.0
1787,154.0
1788,159.0
1789,156.0
1790,163.0
1791,164.0
1792,170.0
1793,161.0
1794,166.0
1795,167.0
1796,172.0
1797,178.0
1798,174.0
1799,174.0
1800,172.0
1801,177.0
1802,184.0
1803,178.0
1804,182.0
1805,179.0
1806,186.0
1807,187.0
1808,185.0
1809,185.0
1810,192.0
1811,194.0
1812,195.0
1813,196.0
1814,202.0
1815,204.0
1816,201.0
1817,201.0
1818,205.0
1819,212.0
1820,203.0
1821,210.0
1822,207.0
1823,213.0
1824,213.0
1825,217.0
1826,218.0
1827,220.0
1828,224.0
1829,220.0
1830,229.0
1831,230.0
1832,223.0
1833,232.0
1834,239.0
1835,234.0
1836,228.0
1837,237.0
1838,232.0
1839,252.0
1840,242.0
1841,251.0
1842,248.0
1843,256.0
1844,246.0
1845,251.0
1846,256.0
1847,253.0
1848,243.0
1849,260.0
1850,262.0
1851,271.0
1852,285.0
1853,269.0
1854,278.0
1855,282.0
1856,290.0
1857,287.0
1858,287.0
1859,298.0
1860,294.0
1861,302.0
1862,299.0
1863,307.0
1864,315.0
1865,317.0
1866,314.0
1867,318.0
1868,321.0
1869,323.0
1870,324.0
1871,326.0
1872,327.0
1873,341.0
1874,332.0
1875,326.0
1876,324.0
1877,343.0
1878,345.0
1879,356.0
1880,342.0
1881,348.0
1882,355.0
1883,374.0
1884,375.0
1885,374.0
1886,372.0
1887,379.0
1888,394.0
1889,397.0
1890,394.0
1891,401.0
1892,402.0
1893,414.0
1894,420.0
1895,404.0
1896,410.0
1897,414.0
1898,426.0
1899,434.0
1900,439.0
1901,442.0
1902,469.0
1903,493.0
1904,526.0
1905,544.0
1906,592.0
1907,677.0
1908,838.0
1909,1060.0
1910,1278.0
1911,1364.0
1912,1337.0
1913,1174.0
1914,927.0
1915,729.0
1916,636.0
1917,667.0
1918,818.0
1919,933.0
1920,1036.0
1921,1035.0
1922,915.0
1923,748.0
1924,632.0
1925,626.0
1926,663.0
1927,638.0
1928,610.0
1929,650.0
1930,742.0
1931,928.0
1932,1151.0
1933,1337.0
1934,1408.0
1935,1327.0
1936,1117.0
1937,917.0
1938,750.0
1939,674.0
1940,644.0
1941,625.0
1942,682.0
1943,807.0
1944,968.0
1945,1112.0
1946,1123.0
1947,974.0
1948,818.0
1949,675.0
1950,611.0
1951,622.0
1952,617.0
1953,593.0
1954,544.0
1955,544.0
1956,638.0
1957,778.0
1958,906.0
1959,928.0
1960,905.0
1961,774.0
1962,687.0
1963,651.0
1964,649.0
1965,619.0
1966,569.0
1967,501.0
1968,464.0
1969,447.0
1970,445.0
1971,436.0
1972,433.0
1973,411.0
1974,426.0
1975,402.0
1976,405.0
1977,410.0
1978,401.0
1979,408.0
1980,401.0
1981,393.0
1982,387.0
1983,387.0
1984,393.0
1985,389.0
1986,378.0
1987,380.0
1988,378.0
1989,378.0
1990,364.0
1991,368.0
1992,360.0
1993,357.0
1994,372.0
1995,364.0
1996,358.0
1997,348.0
1998,344.0
1999,340.0
2000,346.0
2001,340.0
2002,324.0
2003,329.0
2004,342.0
2005,335.0
2006,329.0
2007,319.0
2008,322.0
2009,322.0
2010,315.0
2011,306.0
2012,311.0
2013,308.0
2014,309.0
2015,310.0
2016,302.0
2017,300.0
2018,294.0
2019,296.0
2020,291.0
2021,289.0
2022,286.0
2023,284.0
2024,282.0
2025,279.0
2026,281.0
2027,273.0
2028,273.0
2029,279.0
2030,269.0
2031,267.0
2032,260.0
2033,241.0
2034,236.0
2035,229.0
2036,218.0
2037,222.0
2038,210.0
2039,207.0
2040,210.0
2041,224.0
2042,250.0
2043,248.0
2044,246.0
2045,252.0
2046,249.0
2047,247.0
2048,239.0
2049,236.0
2050,235.0
2051,232.0
2052,226.0
2053,231.0
2054,227.0
2055,218.0
2056,221.0
2057,219.0
2058,216.0
2059,204.0
2060,208.0
2061,208.0
2062,211.0
2063,208.0
2064,209.0
2065,197.0
2066,206.0
2067,201.0
2068,200.0
2069,197.0
2070,195.0
2071,192.0
2072,195.0
2073,194.0
2074,194.0
2075,186.0
2076,181.0
2077,195.0
2078,185.0
2079,191.0
2080,187.0
2081,182.0
2082,183.0
2083,182.0
2084,182.0
2085,176.0
2086,174.0
2087,183.0
2088,176.0
2089,172.0
2090,170.0
2091,169.0
2092,166.0
2093,177.0
2094,171.0
2095,167.0
2096,168.0
2097,161.0
2098,164.0
2099,165.0
2100,162.0
2101,165.0
2102,163.0
2103,162.0
2104,157.0
2105,152.0
2106,159.0
2107,152.0
2108,156.0
2109,151.0
2110,146.0
2111,152.0
2112,146.0
2113,147.0
2114,147.0
2115,152.0
2116,140.0
2117,139.0
2118,147.0
2119,143.0
2120,142.0
2121,139.0
2122,147.0
2123,144.0
2124,141.0
2125,143.0
2126,141.0
2127,138.0
2128,139.0
2129,133.0
2130,143.0
2131,134.0
2132,129.0
2133,134.0
2134,130.0
2135,134.0
2136,126.0
2137,134.0
2138,134.0
2139,132.0
2140,125.0
2141,133.0
2142,132.0
2143,131.0
2144,128.0
2145,125.0
2146,128.0
2147,131.0
2148,128.0
2149,131.0
2150,132.0
2151,127.0
2152,125.0
2153,129.0
2154,121.0
2155,124.0
2156,126.0
2157,124.0
2158,120.0
2159,118.0
2160,121.0
2161,126.0
2162,120.0
2163,121.0
2164,119.0
2165,118.0
2166,122.0
2167,116.0
2168,117.0
2169,112.0
2170,114.0
2171,117.0
2172,117.0
2173,115.0
2174,112.0
2175,116.0
2176,112.0
2177,118.0
2178,117.0
2179,118.0
2180,119.0
2181,115.0
2182,113.0
2183,113.0
2184,116.0
2185,114.0
2186,114.0
2187,116.0
2188,113.0
2189,113.0
2190,117.0
2191,110.0
2192,112.0
2193,106.0
2194,110.0
2195,116.0
2196,115.0
2197,108.0
2198,113.0
2199,108.0
2200,110.0
2201,111.0
2202,112.0
2203,108.0
2204,113.0
2205,108.0
2206,106.0
2207,112.0
2208,106.0
2209,112.0
2210,106.0
2211,110.0
2212,109.0
2213,104.0
2214,110.0
2215,108.0
2216,107.0
2217,112.0
2218,104.0
2219,109.0
2220,106.0
2221,107.0
2222,113.0
2223,108.0
2224,103.0
2225,107.0
2226,108.0
2227,103.0
2228,107.0
2229,105.0
2230,103.0
2231,107.0
2232,109.0
2233,104.0
2234,106.0
2235,100.0
2236,103.0
2237,101.0
2238,102.0
2239,106.0
2240,102.0
2241, 99.0
2242,102.0
2243,102.0
2244, 98.0
2245, 98.0
2246,102.0
2247, 96.0
2248, 98.0
2249,100.0
2250,100.0
2251,104.0
2252, 98.0
2253,103.0
2254, 98.0
2255,100.0
2256, 99.0
2257,103.0
2258, 97.0
2259,102.0
2260,101.0
2261, 98.0
2262,101.0
2263,100.0
2264,100.0
2265, 96.0
2266,103.0
2267,103.0
2268, 98.0
2269, 99.0
2270, 94.0
2271, 98.0
2272, 99.0
2273, 99.0
2274, 93.0
2275, 96.0
2276, 97.0
2277, 97.0
2278,100.0
2279, 98.0
2280, 99.0
2281, 96.0
2282, 96.0
2283, 96.0
2284, 95.0
2285, 97.0
2286, 99.0
2287,101.0
2288, 97.0
2289, 95.0
2290, 98.0
2291, 97.0
2292, 99.0
2293, 96.0
2294, 95.0
2295, 95.0
2296, 90.0
2297, 98.0
2298, 95.0
2299, 95.0
2300, 97.0
2301,100.0
2302, 95.0
2303, 96.0
2304, 92.0
2305, 94.0
2306, 97.0
2307, 95.0
2308, 98.0
2309, 94.0
2310, 92.0
2311, 95.0
2312, 93.0
2313, 92.0
2314, 89.0
2315, 93.0
2316, 93.0
2317, 89.0
2318, 94.0
2319, 94.0
2320, 90.0
2321, 95.0
2322, 92.0
2323, 88.0
2324, 89.0
2325, 85.0
2326, 93.0
2327, 91.0
2328, 90.0
2329, 92.0
2330, 93.0
2331, 88.0
2332, 90.0
2333, 91.0
2334, 90.0
2335, 94.0
2336, 91.0
2337, 94.0
2338, 90.0
2339, 89.0
2340, 91.0
2341, 93.0
2342, 94.0
2343, 94.0
2344, 91.0
2345, 94.0
2346, 94.0
2347, 91.0
2348, 94.0
2349, 91.0
2350, 88.0
2351, 91.0
2352, 92.0
2353, 93.0
2354, 92.0
2355, 91.0
2356, 90.0
2357, 90.0
2358, 89.0
2359, 88.0
2360, 93.0
2361, 88.0
2362, 88.0
2363, 94.0
2364, 90.0
2365, 89.0
2366, 91.0
2367, 93.0
2368, 88.0
2369, 89.0
2370, 86.0
2371, 92.0
2372, 92.0
2373, 89.0
2374, 90.0
2375, 88.0
2376, 89.0
2377, 91.0
2378, 88.0
2379, 88.0
2380, 96.0
2381, 91.0
2382, 91.0
2383, 88.0
2384, 92.0
2385, 87.0
2386, 87.0
2387, 88.0
2388, 88.0
2389, 90.0
2390, 89.0
2391, 85.0
2392, 89.0
2393, 86.0
2394, 87.0
2395, 84.0
2396, 86.0
2397, 87.0
2398, 86.0
2399, 90.0
2400, 86.0
2401, 89.0
2402, 85.0
2403, 90.0
2404, 91.0
2405, 89.0
2406, 88.0
2407, 90.0
2408, 88.0
2409, 90.0
2410, 94.0
2411, 87.0
2412, 89.0
2413, 86.0
2414, 86.0
2415, 90.0
2416, 87.0
2417, 88.0
2418, 86.0
2419, 86.0
2420, 86.0
2421, 90.0
2422, 89.0
2423, 88.0
2424, 85.0
2425, 80.0
2426, 85.0
2427, 91.0
2428, 89.0
2429, 88.0
2430, 89.0
2431, 88.0
2432, 91.0
2433, 85.0
2434, 87.0
2435, 93.0
2436, 86.0
2437, 88.0
2438, 89.0
2439, 89.0
2440, 92.0
2441, 84.0
2442, 91.0
2443, 91.0
2444, 90.0
2445, 86.0
2446, 85.0
2447, 84.0
2448, 85.0
2449, 88.0
2450, 85.0
2451, 87.0
2452, 87.0
2453, 90.0
2454, 88.0
2455, 90.0
2456, 82.0
2457, 90.0
2458, 88.0
2459, 88.0
2460, 88.0
2461, 83.0
2462, 86.0
2463, 87.0
2464, 90.0
2465, 89.0
2466, 90.0
2467, 83.0
2468, 84.0
2469, 84.0
2470, 86.0
2471, 89.0
2472, 85.0
2473, 84.0
2474, 86.0
2475, 89.0
2476, 88.0
2477, 86.0
2478, 86.0
2479, 83.0
2480, 91.0
2481, 89.0
2482, 87.0
2483, 86.0
2484, 82.0
2485, 85.0
2486, 86.0
2487, 87.0
2488, 84.0
2489, 88.0
2490, 89.0
2491, 84.0
2492, 86.0
2493, 83.0
2494, 86.0
2495, 87.0
2496, 88.0
2497, 86.0
2498, 83.0
2499, 88.0
2500, 87.0
2501, 84.0
2502, 86.0
2503, 83.0
2504, 80.0
2505, 85.0
2506, 85.0
2507, 88.0
2508, 84.0
2509, 85.0
2510, 83.0
2511, 89.0
2512, 86.0
2513, 81.0
2514, 86.0
2515, 80.0
2516, 85.0
2517, 82.0
2518, 86.0
2519, 86.0
2520, 88.0
2521, 84.0
2522, 88.0
2523, 85.0
2524, 86.0
2525, 86.0
2526, 82.0
2527, 83.0
2528, 83.0
2529, 84.0
2530, 80.0
2531, 85.0
2532, 87.0
2533, 81.0
2534, 85.0
2535, 85.0
2536, 86.0
2537, 82.0
2538, 86.0
2539, 81.0
2540, 83.0
2541, 88.0
2542, 81.0
2543, 85.0
2544, 83.0
2545, 85.0
2546, 83.0
2547, 81.0
2548, 85.0
2549, 85.0
2550, 89.0
2551, 81.0
2552, 81.0
2553, 85.0
2554, 88.0
2555, 80.0
2556, 88.0
2557, 83.0
2558, 85.0
2559, 81.0
2560, 85.0
2561, 84.0
2562, 81.0
2563, 86.0
2564, 84.0
2565, 80.0
2566, 85.0
2567, 87.0
2568, 82.0
2569, 79.0
2570, 80.0
2571, 84.0
2572, 83.0
2573, 86.0
2574, 88.0
2575, 80.0
2576, 83.0
2577, 84.0
2578, 84.0
2579, 81.0
2580, 81.0
2581, 86.0
2582, 85.0
2583, 83.0
2584, 80.0
2585, 81.0
2586, 83.0
2587, 81.0
2588, 85.0
2589, 85.0
2590, 86.0
2591, 85.0
2592, 80.0
2593, 85.0
2594, 83.0
2595, 82.0
2596, 81.0
2597, 84.0
2598, 84.0
2599, 84.0
2600, 86.0
2601, 83.0
2602, 80.0
2603, 84.0
2604, 81.0
2605, 84.0
2606, 81.0
2607, 87.0
2608, 82.0
2609, 86.0
2610, 82.0
2611, 84.0
2612, 83.0
2613, 87.0
2614, 82.0
2615, 86.0
2616, 80.0
2617, 86.0
2618, 84.0
2619, 84.0
2620, 81.0
2621, 83.0
2622, 87.0
2623, 87.0
2624, 81.0
2625, 81.0
2626, 85.0
2627, 85.0
2628, 79.0
2629, 82.0
2630, 87.0
2631, 81.0
2632, 81.0
2633, 86.0
2634, 82.0
2635, 85.0
2636, 83.0
2637, 89.0
2638, 83.0
2639, 85.0
2640, 81.0
2641, 83.0
2642, 82.0
2643, 81.0
2644, 81.0
2645, 83.0
2646, 84.0
2647, 83.0
2648, 83.0
2649, 81.0
2650, 85.0
2651, 84.0
2652, 83.0
2653, 79.0
2654, 84.0
2655, 80.0
2656, 88.0
2657, 81.0
2658, 80.0
2659, 82.0
2660, 81.0
2661, 85.0
2662, 82.0
2663, 81.0
2664, 83.0
2665, 83.0
2666, 82.0
2667, 82.0
2668, 84.0
2669, 82.0
2670, 80.0
2671, 84.0
2672, 82.0
2673, 80.0
2674, 81.0
2675, 80.0
2676, 80.0
2677, 82.0
2678, 83.0
2679, 80.0
2680, 78.0
2681, 80.0
2682, 79.0
2683, 83.0
2684, 86.0
2685, 84.0
2686, 84.0
2687, 83.0
2688, 81.0
2689, 78.0
2690, 85.0
2691, 84.0
2692, 81.0
2693, 83.0
2694, 81.0
2695, 85.0
2696, 80.0
2697, 80.0
2698, 77.0
2699, 86.0
2700, 83.0
2701, 79.0
2702, 82.0
2703, 81.0
2704, 79.0
2705, 86.0
2706, 81.0
2707, 86.0
2708, 82.0
2709, 83.0
2710, 78.0
2711, 81.0
2712, 79.0
2713, 81.0
2714, 83.0
2715, 83.0
2716, 85.0
2717, 84.0
2718, 80.0
2719, 85.0
2720, 83.0
2721, 81.0
2722, 81.0
2723, 82.0
2724, 82.0
2725, 83.0
2726, 81.0
2727, 86.0
2728, 83.0
2729, 83.0
2730, 86.0
2731, 82.0
2732, 83.0
2733, 84.0
2734, 83.0
2735, 76.0
2736, 80.0
2737, 85.0
2738, 80.0
2739, 89.0
2740, 81.0
2741, 81.0
2742, 76.0
2743, 85.0
2744, 83.0
2745, 79.0
2746, 79.0
2747, 82.0
2748, 82.0
2749, 82.0
2750, 82.0
2751, 77.0
2752, 82.0
2753, 83.0
2754, 79.0
2755, 80.0
2756, 81.0
2757, 81.0
2758, 83.0
2759, 81.0
2760, 84.0
2761, 80.0
2762, 80.0
2763, 81.0
2764, 80.0
2765, 84.0
2766, 80.0
2767, 82.0
2768, 79.0
2769, 85.0
2770, 76.0
2771, 82.0
2772, 78.0
2773, 81.0
2774, 84.0
2775, 76.0
2776, 80.0
2777, 82.0
2778, 79.0
2779, 77.0
2780, 80.0
2781, 79.0
2782, 81.0
2783, 80.0
2784, 79.0
2785, 81.0
2786, 78.0
2787, 82.0
2788, 82.0
2789, 79.0
2790, 83.0
2791, 81.0
2792, 75.0
2793, 77.0
2794, 80.0
2795, 77.0
2796, 78.0
2797, 77.0
2798, 81.0
2799, 80.0
2800, 80.0
2801, 81.0
2802, 81.0
2803, 79.0
2804, 83.0
2805, 78.0
2806, 79.0
2807, 83.0
2808, 84.0
2809, 78.0
2810, 78.0
2811, 77.0
2812, 79.0
2813, 82.0
2814, 76.0
2815, 83.0
2816, 81.0
2817, 85.0
2818, 80.0
2819, 79.0
2820, 80.0
2821, 80.0
2822, 77.0
2823, 78.0
2824, 81.0
2825, 83.0
2826, 81.0
2827, 78.0
2828, 78.0
2829, 81.0
2830, 83.0
2831, 84.0
2832, 81.0
2833, 80.0
2834, 80.0
2835, 80.0
2836, 81.0
2837, 79.0
2838, 81.0
2839, 84.0
2840, 78.0
2841, 83.0
2842, 78.0
2843, 81.0
2844, 78.0
2845, 79.0
2846, 80.0
2847, 76.0
2848, 77.0
2849, 79.0
2850, 82.0
2851, 77.0
2852, 73.0
2853, 79.0
2854, 83.0
2855, 79.0
2856, 80.0
2857, 83.0
2858, 80.0
2859, 82.0
2860, 84.0
2861, 78.0
2862, 82.0
2863, 81.0
2864, 80.0
2865, 80.0
2866, 81.0
2867, 82.0
2868, 80.0
2869, 79.0
2870, 78.0
2871, 79.0
2872, 79.0
2873, 79.0
2874, 80.0
2875, 81.0
2876, 84.0
2877, 80.0
2878, 79.0
2879, 77.0
2880, 81.0
2881, 80.0
2882, 82.0
2883, 81.0
2884, 82.0
2885, 78.0
2886, 80.0
2887, 79.0
2888, 81.0
2889, 78.0
2890, 79.0
2891, 79.0
2892, 83.0
2893, 84.0
2894, 79.0
2895, 82.0
2896, 77.0
2897, 77.0
2898, 80.0
2899, 83.0
2900, 81.0
2901, 79.0
2902, 85.0
2903, 80.0
2904, 81.0
2905, 83.0
2906, 77.0
2907, 80.0
2908, 78.0
2909, 82.0
2910, 79.0
2911, 80.0
2912, 79.0
2913, 83.0
2914, 83.0
2915, 84.0
2916, 85.0
2917, 80.0
2918, 80.0
2919, 79.0
2920, 83.0
2921, 77.0
2922, 78.0
2923, 77.0
2924, 78.0
2925, 77.0
2926, 79.0
2927, 77.0
2928, 79.0
2929, 80.0
2930, 82.0
2931, 79.0
2932, 83.0
2933, 81.0
2934, 82.0
2935, 80.0
2936, 77.0
2937, 83.0
2938, 82.0
2939, 80.0
2940, 81.0
2941, 81.0
2942, 83.0
2943, 85.0
2944, 83.0
2945, 78.0
2946, 78.0
2947, 81.0
2948, 79.0
2949, 86.0
2950, 81.0
2951, 82.0
2952, 78.0
2953, 81.0
2954, 79.0
2955, 81.0
2956, 79.0
2957, 80.0
2958, 80.0
2959, 79.0
2960, 80.0
2961, 76.0
2962, 78.0
2963, 81.0
2964, 75.0
2965, 80.0
2966, 78.0
2967, 76.0
2968, 79.0
2969, 78.0
2970, 76.0
2971, 79.0
2972, 80.0
2973, 81.0
2974, 76.0
2975, 82.0
2976, 77.0
2977, 83.0
2978, 82.0
2979, 79.0
2980, 82.0
2981, 85.0
2982, 79.0
2983, 76.0
2984, 81.0
2985, 83.0
2986, 81.0
2987, 85.0
2988, 81.0
2989, 77.0
2990, 80.0
2991, 78.0
2992, 78.0
2993, 81.0
2994, 77.0
2995, 79.0
2996, 80.0
2997, 78.0
2998, 76.0
2999, 78.0
3000, 76.0
3001, 83.0
3002, 79.0
3003, 79.0
3004, 80.0
3005, 77.0
3006, 84.0
3007, 84.0
3008, 78.0
3009, 82.0
3010, 84.0
3011, 81.0
3012, 80.0
3013, 79.0
3014, 82.0
3015, 80.0
3016, 83.0
3017, 76.0
3018, 80.0
3019, 79.0
3020, 83.0
3021, 81.0
3022, 79.0
3023, 81.0
3024, 83.0
3025, 80.0
3026, 80.0
3027, 80.0
3028, 79.0
3029, 76.0
3030, 80.0
3031, 77.0
3032, 80.0
3033, 77.0
3034, 80.0
3035, 82.0
3036, 84.0
3037, 80.0
3038, 79.0
3039, 82.0
3040, 78.0
3041, 85.0
3042, 81.0
3043, 81.0
3044, 81.0
3045, 81.0
3046, 78.0
3047, 81.0
3048, 76.0
3049, 80.0
3050, 77.0
3051, 80.0
3052, 82.0
3053, 81.0
3054, 87.0
3055, 82.0
3056, 86.0
3057, 86.0
3058, 78.0
3059, 78.0
3060, 77.0
3061, 81.0
3062, 83.0
3063, 82.0
3064, 79.0
3065, 77.0
3066, 77.0
3067, 82.0
3068, 78.0
3069, 80.0
3070, 80.0
3071, 80.0
3072, 80.0
3073, 80.0
3074, 82.0
3075, 76.0
3076, 77.0
3077, 79.0
3078, 84.0
3079, 76.0
3080, 80.0
3081, 76.0
3082, 78.0
3083, 85.0
3084, 78.0
3085, 78.0
3086, 80.0
3087, 79.0
3088, 84.0
3089, 80.0
3090, 78.0
3091, 80.0
3092, 75.0
3093, 79.0
3094, 80.0
3095, 79.0
3096, 81.0
3097, 81.0
3098, 84.0
3099, 78.0
3100, 79.0
3101, 78.0
3102, 83.0
3103, 81.0
3104, 82.0
3105, 79.0
3106, 81.0
3107, 77.0
3108, 80.0
3109, 80.0
3110, 77.0
3111, 83.0
3112, 82.0
3113, 79.0
3114, 83.0
3115, 85.0
3116, 84.0
3117, 78.0
3118, 83.0
3119, 80.0
3120, 79.0
3121, 83.0
3122, 79.0
3123, 79.0
3124, 78.0
3125, 81.0
3126, 77.0
3127, 82.0
3128, 81.0
3129, 82.0
3130, 81.0
3131, 80.0
3132, 85.0
3133, 77.0
3134, 81.0
3135, 79.0
3136, 83.0
3137, 78.0
3138, 78.0
3139, 75.0
3140, 80.0
3141, 78.0
3142, 79.0
3143, 78.0
3144, 80.0
3145, 81.0
3146, 83.0
3147, 82.0
3148, 84.0
3149, 79.0
3150, 84.0
3151, 83.0
3152, 81.0
3153, 80.0
3154, 80.0
3155, 82.0
3156, 81.0
3157, 84.0
3158, 76.0
3159, 79.0
3160, 82.0
3161, 79.0
3162, 83.0
3163, 83.0
3164, 79.0
3165, 83.0
3166, 76.0
3167, 77.0
3168, 82.0
3169, 79.0
3170, 80.0
3171, 77.0
3172, 80.0
3173, 78.0
3174, 78.0
3175, 82.0
3176, 84.0
3177, 86.0
3178, 83.0
3179, 82.0
3180, 79.0
3181, 83.0
3182, 80.0
3183, 81.0
3184, 83.0
3185, 81.0
3186, 81.0
3187, 80.0
3188, 84.0
3189, 82.0
3190, 83.0
3191, 83.0
3192, 79.0
3193, 78.0
3194, 82.0
3195, 81.0
3196, 82.0
3197, 81.0
3198, 74.0
3199, 82.0
3200, 80.0
3201, 81.0
3202, 83.0
3203, 82.0
3204, 76.0
3205, 82.0
3206, 81.0
3207, 80.0
3208, 81.0
3209, 79.0
3210, 78.0
3211, 79.0
3212, 80.0
3213, 81.0
3214, 78.0
3215, 75.0
3216, 80.0
3217, 82.0
3218, 79.0
3219, 76.0
3220, 79.0
3221, 79.0
3222, 81.0
3223, 78.0
3224, 79.0
3225, 82.0
3226, 76.0
3227, 78.0
3228, 84.0
3229, 82.0
3230, 77.0
3231, 81.0
3232, 84.0
3233, 83.0
3234, 79.0
3235, 84.0
3236, 79.0
3237, 82.0
3238, 80.0
3239, 79.0
3240, 77.0
3241, 78.0
3242, 78.0
3243, 76.0
3244, 79.0
3245, 82.0
3246, 83.0
3247, 82.0
3248, 80.0
3249, 80.0
3250, 82.0
3251, 77.0
3252, 77.0
3253, 80.0
3254, 81.0
3255, 80.0
3256, 79.0
3257, 81.0
3258, 79.0
3259, 82.0
3260, 81.0
3261, 79.0
3262, 81.0
3263, 82.0
3264, 82.0
3265, 81.0
3266, 84.0
3267, 78.0
3268, 78.0
3269, 78.0
3270, 80.0
3271, 81.0
3272, 76.0
3273, 83.0
3274, 77.0
3275, 80.0
3276, 84.0
3277, 80.0
3278, 82.0
3279, 77.0
3280, 79.0
3281, 80.0
3282, 84.0
3283, 79.0
3284, 78.0
3285, 84.0
3286, 79.0
3287, 82.0
3288, 81.0
3289, 78.0
3290, 81.0
3291, 79.0
3292, 87.0
3293, 80.0
3294, 81.0
3295, 77.0
3296, 75.0
3297, 79.0
3298, 81.0
3299, 79.0
3300, 79.0
3301, 77.0
3302, 76.0
3303, 80.0
3304, 78.0
3305, 74.0
3306, 79.0
3307, 77.0
3308, 80.0
3309, 79.0
3310, 83.0
3311, 77.0
3312, 80.0
3313, 79.0
3314, 80.0
3315, 82.0
3316, 77.0
3317, 79.0
3318, 84.0
3319, 79.0
3320, 84.0
3321, 80.0
3322, 80.0
3323, 78.0
3324, 86.0
3325, 77.0
3326, 81.0
3327, 80.0
3328, 85.0
3329, 82.0
3330, 81.0
3331, 79.0
3332, 82.0
3333, 77.0
3334, 75.0
3335, 81.0
3336, 78.0
3337, 83.0
3338, 84.0
3339, 78.0
3340, 84.0
3341, 82.0
3342, 77.0
3343, 80.0
3344, 81.0
3345, 83.0
3346, 79.0
3347, 81.0
3348, 83.0
3349, 80.0
3350, 82.0
3351, 78.0
3352, 81.0
3353, 77.0
3354, 82.0
3355, 80.0
3356, 82.0
3357, 85.0
3358, 81.0
3359, 77.0
3360, 79.0
3361, 81.0
3362, 79.0
3363, 78.0
3364, 84.0
3365, 78.0
3366, 79.0
3367, 80.0
3368, 82.0
3369, 86.0
3370, 78.0
3371, 78.0
3372, 80.0
3373, 80.0
3374, 81.0
3375, 85.0
3376, 82.0
3377, 81.0
3378, 83.0
3379, 81.0
3380, 81.0
3381, 80.0
3382, 80.0
3383, 81.0
3384, 84.0
3385, 82.0
3386, 81.0
3387, 79.0
3388, 76.0
3389, 84.0
3390, 80.0
3391, 80.0
3392, 79.0
3393, 82.0
3394, 79.0
3395, 81.0
3396, 83.0
3397, 78.0
3398, 81.0
3399, 79.0
3400, 78.0
3401, 80.0
3402, 78.0
3403, 81.0
3404, 81.0
3405, 76.0
3406, 85.0
3407, 80.0
3408, 81.0
3409, 79.0
3410, 82.0
3411, 83.0
3412, 81.0
3413, 74.0
3414, 77.0
3415, 83.0
3416, 75.0
3417, 84.0
3418, 81.0
3419, 81.0
3420, 81.0
3421, 80.0
3422, 83.0
3423, 81.0
3424, 78.0
3425, 79.0
3426, 77.0
3427, 83.0
3428, 80.0
3429, 81.0
3430, 83.0
3431, 82.0
3432, 83.0
3433, 80.0
3434, 80.0
3435, 82.0
3436, 78.0
3437, 78.0
3438, 83.0
3439, 79.0
3440, 81.0
3441, 84.0
3442, 74.0
3443, 74.0
3444, 79.0
3445, 77.0
3446, 81.0
3447, 80.0
3448, 81.0
3449, 79.0
3450, 77.0
3451, 82.0
3452, 82.0
3453, 80.0
3454, 81.0
3455, 79.0
3456, 83.0
3457, 78.0
3458, 80.0
3459, 79.0
3460, 82.0
3461, 81.0
3462, 80.0
3463, 80.0
3464, 85.0
3465, 78.0
3466, 84.0
3467, 81.0
3468, 85.0
3469, 77.0
3470, 83.0
3471, 80.0
3472, 78.0
3473, 82.0
3474, 79.0
3475, 86.0
3476, 81.0
3477, 79.0
3478, 78.0
3479, 81.0
3480, 80.0
3481, 74.0
3482, 82.0
3483, 77.0
3484, 81.0
3485, 80.0
3486, 84.0
3487, 81.0
3488, 82.0
3489, 76.0
3490, 84.0
3491, 83.0
3492, 78.0
3493, 84.0
3494, 76.0
3495, 77.0
3496, 80.0
3497, 78.0
3498, 78.0
3499, 79.0
3500, 82.0
3501, 78.0
3502, 81.0
3503, 74.0
3504, 80.0
3505, 82.0
3506, 78.0
3507, 80.0
3508, 78.0
3509, 79.0
3510, 77.0
3511, 84.0
3512, 80.0
3513, 77.0
3514, 86.0
3515, 78.0
3516, 76.0
3517, 78.0
3518, 78.0
3519, 79.0
3520, 80.0
3521, 82.0
3522, 83.0
3523, 82.0
3524, 80.0
3525, 80.0
3526, 81.0
3527, 79.0
3528, 76.0
3529, 77.0
3530, 80.0
3531, 78.0
3532, 78.0
3533, 83.0
3534, 79.0
3535, 82.0
3536, 81.0
3537, 80.0
3538, 84.0
3539, 79.0
3540, 81.0
3541, 77.0
3542, 81.0
3543, 80.0
3544, 84.0
3545, 78.0
3546, 78.0
3547, 78.0
3548, 79.0
3549, 75.0
3550, 80.0
3551, 80.0
3552, 83.0
3553, 85.0
3554, 77.0
3555, 78.0
3556, 85.0
3557, 81.0
3558, 85.0
3559, 81.0
3560, 80.0
3561, 78.0
3562, 81.0
3563, 76.0
3564, 84.0
3565, 77.0
3566, 84.0
3567, 78.0
3568, 80.0
3569, 83.0
3570, 85.0
3571, 78.0
3572, 82.0
3573, 76.0
3574, 79.0
3575, 84.0
3576, 80.0
3577, 77.0
3578, 80.0
3579, 82.0
3580, 79.0
3581, 79.0
3582, 82.0
3583, 78.0
3584, 81.0
3585, 82.0
3586, 78.0
3587, 76.0
3588, 86.0
3589, 79.0
3590, 82.0
3591, 81.0
3592, 79.0
3593, 81.0
3594, 80.0
3595, 74.0
3596, 79.0
3597, 82.0
3598, 82.0
3599, 84.0
3600, 77.0
3601, 76.0
3602, 78.0
3603, 80.0
3604, 82.0
3605, 79.0
3606, 84.0
3607, 82.0
3608, 78.0
3609, 81.0
3610, 84.0
3611, 82.0
3612, 82.0
3613, 82.0
3614, 80.0
3615, 77.0
3616, 76.0
3617, 81.0
3618, 81.0
3619, 82.0
3620, 80.0
3621, 82.0
3622, 84.0
3623, 80.0
3624, 81.0
3625, 80.0
3626, 82.0
3627, 81.0
3628, 83.0
3629, 79.0
3630, 81.0
3631, 80.0
3632, 81.0
3633, 82.0
3634, 80.0
3635, 79.0
3636, 84.0
3637, 75.0
3638, 81.0
3639, 79.0
3640, 78.0
3641, 80.0
3642, 75.0
3643, 81.0
3644, 78.0
3645, 79.0
3646, 79.0
3647,  1.0

