Single
3648
Scan 0,   
0, 79.0
1, 84.0
2, 77.0
3, 81.0
4, 80.0
5, 80.0
6, 80.0
7, 80.0
8, 76.0
9, 76.0
10, 81.0
11, 80.0
12, 78.0
13, 82.0
14, 82.0
15, 77.0
16, 77.0
17, 81.0
18, 81.0
19, 83.0
20, 80.0
21, 81.0
22, 78.0
23, 74.0
24, 76.0
25, 78.0
26, 86.0
27, 81.0
28, 78.0
29, 78.0
30, 78.0
31, 80.0
32, 76.0
33, 78.0
34, 85.0
35, 80.0
36, 80.0
37, 77.0
38, 75.0
39, 82.0
40, 81.0
41, 78.0
42, 78.0
43, 83.0
44, 82.0
45, 78.0
46, 82.0
47, 79.0
48, 79.0
49, 79.0
50, 84.0
51, 77.0
52, 83.0
53, 78.0
54, 87.0
55, 81.0
56, 81.0
57, 78.0
58, 78.0
59, 79.0
60, 81.0
61, 78.0
62, 76.0
63, 83.0
64, 77.0
65, 74.0
66, 77.0
67, 80.0
68, 80.0
69, 83.0
70, 85.0
71, 79.0
72, 79.0
73, 76.0
74, 79.0
75, 79.0
76, 81.0
77, 80.0
78, 82.0
79, 80.0
80, 76.0
81, 78.0
82, 77.0
83, 78.0
84, 78.0
85, 81.0
86, 77.0
87, 81.0
88, 80.0
89, 76.0
90, 79.0
91, 78.0
92, 77.0
93, 79.0
94, 82.0
95, 79.0
96, 77.0
97, 80.0
98, 77.0
99, 76.0
100, 75.0
101, 81.0
102, 80.0
103, 76.0
104, 81.0
105, 80.0
106, 80.0
107, 78.0
108, 79.0
109, 79.0
110, 79.0
111, 77.0
112, 81.0
113, 84.0
114, 79.0
115, 81.0
116, 76.0
117, 77.0
118, 78.0
119, 76.0
120, 81.0
121, 77.0
122, 82.0
123, 79.0
124, 88.0
125, 79.0
126, 82.0
127, 79.0
128, 77.0
129, 75.0
130, 77.0
131, 75.0
132, 80.0
133, 80.0
134, 78.0
135, 80.0
136, 80.0
137, 78.0
138, 77.0
139, 80.0
140, 83.0
141, 78.0
142, 78.0
143, 77.0
144, 80.0
145, 79.0
146, 83.0
147, 77.0
148, 76.0
149, 82.0
150, 76.0
151, 79.0
152, 85.0
153, 75.0
154, 76.0
155, 80.0
156, 81.0
157, 85.0
158, 78.0
159, 75.0
160, 80.0
161, 84.0
162, 79.0
163, 77.0
164, 81.0
165, 77.0
166, 78.0
167, 80.0
168, 77.0
169, 79.0
170, 78.0
171, 74.0
172, 77.0
173, 76.0
174, 80.0
175, 81.0
176, 78.0
177, 77.0
178, 81.0
179, 82.0
180, 75.0
181, 79.0
182, 78.0
183, 77.0
184, 80.0
185, 77.0
186, 80.0
187, 78.0
188, 78.0
189, 75.0
190, 77.0
191, 76.0
192, 78.0
193, 80.0
194, 75.0
195, 80.0
196, 79.0
197, 78.0
198, 80.0
199, 81.0
200, 81.0
201, 80.0
202, 79.0
203, 78.0
204, 80.0
205, 86.0
206, 76.0
207, 80.0
208, 79.0
209, 80.0
210, 80.0
211, 77.0
212, 81.0
213, 77.0
214, 79.0
215, 79.0
216, 77.0
217, 81.0
218, 79.0
219, 75.0
220, 75.0
221, 77.0
222, 80.0
223, 76.0
224, 83.0
225, 80.0
226, 74.0
227, 77.0
228, 79.0
229, 80.0
230, 80.0
231, 77.0
232, 81.0
233, 80.0
234, 77.0
235, 77.0
236, 77.0
237, 81.0
238, 80.0
239, 77.0
240, 75.0
241, 83.0
242, 77.0
243, 81.0
244, 75.0
245, 80.0
246, 73.0
247, 81.0
248, 80.0
249, 81.0
250, 78.0
251, 79.0
252, 80.0
253, 79.0
254, 77.0
255, 79.0
256, 80.0
257, 82.0
258, 81.0
259, 80.0
260, 80.0
261, 81.0
262, 78.0
263, 78.0
264, 81.0
265, 79.0
266, 79.0
267, 76.0
268, 80.0
269, 75.0
270, 79.0
271, 80.0
272, 79.0
273, 77.0
274, 76.0
275, 80.0
276, 78.0
277, 76.0
278, 80.0
279, 83.0
280, 81.0
281, 80.0
282, 78.0
283, 75.0
284, 80.0
285, 81.0
286, 81.0
287, 77.0
288, 79.0
289, 77.0
290, 76.0
291, 73.0
292, 81.0
293, 79.0
294, 81.0
295, 80.0
296, 80.0
297, 79.0
298, 78.0
299, 79.0
300, 75.0
301, 81.0
302, 80.0
303, 76.0
304, 79.0
305, 80.0
306, 77.0
307, 76.0
308, 77.0
309, 82.0
310, 81.0
311, 80.0
312, 81.0
313, 76.0
314, 77.0
315, 76.0
316, 82.0
317, 80.0
318, 80.0
319, 81.0
320, 79.0
321, 82.0
322, 80.0
323, 80.0
324, 76.0
325, 78.0
326, 77.0
327, 80.0
328, 80.0
329, 78.0
330, 83.0
331, 77.0
332, 77.0
333, 78.0
334, 78.0
335, 83.0
336, 83.0
337, 80.0
338, 75.0
339, 80.0
340, 81.0
341, 80.0
342, 78.0
343, 84.0
344, 78.0
345, 77.0
346, 78.0
347, 80.0
348, 80.0
349, 80.0
350, 84.0
351, 76.0
352, 81.0
353, 76.0
354, 83.0
355, 81.0
356, 81.0
357, 77.0
358, 84.0
359, 82.0
360, 83.0
361, 83.0
362, 83.0
363, 75.0
364, 80.0
365, 77.0
366, 81.0
367, 78.0
368, 78.0
369, 77.0
370, 79.0
371, 81.0
372, 80.0
373, 79.0
374, 78.0
375, 78.0
376, 81.0
377, 81.0
378, 81.0
379, 81.0
380, 77.0
381, 85.0
382, 77.0
383, 78.0
384, 78.0
385, 78.0
386, 79.0
387, 77.0
388, 78.0
389, 80.0
390, 84.0
391, 77.0
392, 80.0
393, 81.0
394, 79.0
395, 80.0
396, 77.0
397, 78.0
398, 79.0
399, 78.0
400, 78.0
401, 75.0
402, 78.0
403, 82.0
404, 79.0
405, 78.0
406, 78.0
407, 75.0
408, 79.0
409, 80.0
410, 82.0
411, 75.0
412, 83.0
413, 80.0
414, 79.0
415, 78.0
416, 81.0
417, 80.0
418, 77.0
419, 76.0
420, 77.0
421, 80.0
422, 82.0
423, 79.0
424, 80.0
425, 81.0
426, 82.0
427, 80.0
428, 80.0
429, 80.0
430, 75.0
431, 78.0
432, 76.0
433, 78.0
434, 79.0
435, 78.0
436, 81.0
437, 81.0
438, 76.0
439, 83.0
440, 80.0
441, 78.0
442, 78.0
443, 75.0
444, 77.0
445, 81.0
446, 81.0
447, 80.0
448, 76.0
449, 81.0
450, 77.0
451, 78.0
452, 77.0
453, 80.0
454, 76.0
455, 79.0
456, 79.0
457, 77.0
458, 82.0
459, 80.0
460, 80.0
461, 79.0
462, 81.0
463, 82.0
464, 79.0
465, 80.0
466, 79.0
467, 74.0
468, 84.0
469, 81.0
470, 80.0
471, 78.0
472, 75.0
473, 78.0
474, 82.0
475, 82.0
476, 81.0
477, 79.0
478, 84.0
479, 82.0
480, 79.0
481, 83.0
482, 78.0
483, 76.0
484, 81.0
485, 76.0
486, 77.0
487, 75.0
488, 80.0
489, 81.0
490, 81.0
491, 79.0
492, 80.0
493, 80.0
494, 78.0
495, 77.0
496, 79.0
497, 83.0
498, 77.0
499, 75.0
500, 74.0
501, 80.0
502, 75.0
503, 82.0
504, 76.0
505, 82.0
506, 81.0
507, 79.0
508, 76.0
509, 80.0
510, 80.0
511, 77.0
512, 77.0
513, 79.0
514, 78.0
515, 82.0
516, 83.0
517, 78.0
518, 82.0
519, 79.0
520, 80.0
521, 79.0
522, 79.0
523, 78.0
524, 80.0
525, 87.0
526, 79.0
527, 77.0
528, 81.0
529, 77.0
530, 80.0
531, 78.0
532, 80.0
533, 78.0
534, 80.0
535, 79.0
536, 80.0
537, 80.0
538, 77.0
539, 77.0
540, 82.0
541, 82.0
542, 84.0
543, 78.0
544, 79.0
545, 80.0
546, 79.0
547, 74.0
548, 76.0
549, 75.0
550, 76.0
551, 85.0
552, 80.0
553, 86.0
554, 78.0
555, 75.0
556, 79.0
557, 75.0
558, 76.0
559, 79.0
560, 78.0
561, 80.0
562, 84.0
563, 77.0
564, 76.0
565, 80.0
566, 76.0
567, 80.0
568, 78.0
569, 74.0
570, 77.0
571, 78.0
572, 79.0
573, 82.0
574, 82.0
575, 80.0
576, 79.0
577, 78.0
578, 82.0
579, 79.0
580, 81.0
581, 83.0
582, 82.0
583, 78.0
584, 76.0
585, 76.0
586, 82.0
587, 76.0
588, 78.0
589, 81.0
590, 83.0
591, 84.0
592, 77.0
593, 79.0
594, 80.0
595, 80.0
596, 74.0
597, 80.0
598, 81.0
599, 75.0
600, 81.0
601, 78.0
602, 77.0
603, 80.0
604, 79.0
605, 76.0
606, 82.0
607, 80.0
608, 76.0
609, 77.0
610, 82.0
611, 81.0
612, 77.0
613, 78.0
614, 80.0
615, 81.0
616, 79.0
617, 78.0
618, 80.0
619, 77.0
620, 80.0
621, 74.0
622, 78.0
623, 84.0
624, 82.0
625, 78.0
626, 80.0
627, 76.0
628, 79.0
629, 78.0
630, 79.0
631, 78.0
632, 79.0
633, 79.0
634, 78.0
635, 74.0
636, 81.0
637, 82.0
638, 79.0
639, 78.0
640, 81.0
641, 75.0
642, 78.0
643, 83.0
644, 79.0
645, 81.0
646, 78.0
647, 77.0
648, 78.0
649, 77.0
650, 79.0
651, 77.0
652, 78.0
653, 79.0
654, 78.0
655, 78.0
656, 78.0
657, 79.0
658, 77.0
659, 82.0
660, 80.0
661, 79.0
662, 79.0
663, 78.0
664, 80.0
665, 77.0
666, 84.0
667, 83.0
668, 80.0
669, 81.0
670, 81.0
671, 79.0
672, 79.0
673, 79.0
674, 81.0
675, 80.0
676, 78.0
677, 79.0
678, 85.0
679, 79.0
680, 84.0
681, 80.0
682, 77.0
683, 77.0
684, 79.0
685, 79.0
686, 79.0
687, 78.0
688, 82.0
689, 78.0
690, 83.0
691, 79.0
692, 80.0
693, 76.0
694, 81.0
695, 85.0
696, 81.0
697, 77.0
698, 78.0
699, 81.0
700, 77.0
701, 77.0
702, 78.0
703, 79.0
704, 75.0
705, 82.0
706, 76.0
707, 77.0
708, 77.0
709, 77.0
710, 76.0
711, 80.0
712, 80.0
713, 73.0
714, 77.0
715, 80.0
716, 77.0
717, 78.0
718, 81.0
719, 83.0
720, 80.0
721, 79.0
722, 78.0
723, 80.0
724, 82.0
725, 84.0
726, 82.0
727, 79.0
728, 78.0
729, 73.0
730, 82.0
731, 76.0
732, 83.0
733, 80.0
734, 77.0
735, 82.0
736, 78.0
737, 82.0
738, 77.0
739, 84.0
740, 80.0
741, 84.0
742, 80.0
743, 81.0
744, 80.0
745, 78.0
746, 80.0
747, 79.0
748, 77.0
749, 81.0
750, 78.0
751, 80.0
752, 79.0
753, 78.0
754, 80.0
755, 77.0
756, 83.0
757, 81.0
758, 77.0
759, 82.0
760, 77.0
761, 81.0
762, 82.0
763, 79.0
764, 80.0
765, 79.0
766, 80.0
767, 78.0
768, 81.0
769, 82.0
770, 78.0
771, 82.0
772, 86.0
773, 78.0
774, 82.0
775, 80.0
776, 77.0
777, 75.0
778, 75.0
779, 77.0
780, 78.0
781, 77.0
782, 81.0
783, 80.0
784, 80.0
785, 76.0
786, 76.0
787, 80.0
788, 81.0
789, 80.0
790, 79.0
791, 77.0
792, 80.0
793, 82.0
794, 77.0
795, 81.0
796, 79.0
797, 80.0
798, 81.0
799, 80.0
800, 81.0
801, 80.0
802, 83.0
803, 81.0
804, 81.0
805, 79.0
806, 79.0
807, 83.0
808, 76.0
809, 79.0
810, 78.0
811, 83.0
812, 82.0
813, 76.0
814, 80.0
815, 81.0
816, 76.0
817, 82.0
818, 80.0
819, 77.0
820, 82.0
821, 84.0
822, 77.0
823, 78.0
824, 82.0
825, 78.0
826, 80.0
827, 81.0
828, 79.0
829, 78.0
830, 77.0
831, 81.0
832, 80.0
833, 82.0
834, 84.0
835, 75.0
836, 78.0
837, 80.0
838, 81.0
839, 78.0
840, 79.0
841, 77.0
842, 80.0
843, 81.0
844, 78.0
845, 76.0
846, 84.0
847, 77.0
848, 80.0
849, 81.0
850, 78.0
851, 86.0
852, 80.0
853, 79.0
854, 82.0
855, 80.0
856, 81.0
857, 78.0
858, 80.0
859, 81.0
860, 79.0
861, 77.0
862, 81.0
863, 81.0
864, 82.0
865, 78.0
866, 79.0
867, 77.0
868, 79.0
869, 82.0
870, 80.0
871, 82.0
872, 75.0
873, 80.0
874, 80.0
875, 82.0
876, 80.0
877, 81.0
878, 81.0
879, 77.0
880, 83.0
881, 80.0
882, 78.0
883, 79.0
884, 79.0
885, 78.0
886, 79.0
887, 84.0
888, 80.0
889, 79.0
890, 83.0
891, 81.0
892, 78.0
893, 78.0
894, 78.0
895, 81.0
896, 79.0
897, 83.0
898, 78.0
899, 79.0
900, 77.0
901, 79.0
902, 82.0
903, 79.0
904, 83.0
905, 82.0
906, 82.0
907, 79.0
908, 81.0
909, 79.0
910, 77.0
911, 81.0
912, 83.0
913, 76.0
914, 83.0
915, 78.0
916, 80.0
917, 76.0
918, 81.0
919, 81.0
920, 78.0
921, 81.0
922, 81.0
923, 77.0
924, 80.0
925, 79.0
926, 79.0
927, 81.0
928, 78.0
929, 77.0
930, 79.0
931, 80.0
932, 80.0
933, 80.0
934, 77.0
935, 81.0
936, 76.0
937, 78.0
938, 78.0
939, 78.0
940, 82.0
941, 78.0
942, 86.0
943, 80.0
944, 80.0
945, 77.0
946, 80.0
947, 79.0
948, 78.0
949, 82.0
950, 81.0
951, 81.0
952, 83.0
953, 78.0
954, 77.0
955, 82.0
956, 79.0
957, 80.0
958, 82.0
959, 78.0
960, 78.0
961, 76.0
962, 77.0
963, 77.0
964, 79.0
965, 79.0
966, 81.0
967, 77.0
968, 84.0
969, 80.0
970, 85.0
971, 80.0
972, 82.0
973, 78.0
974, 77.0
975, 78.0
976, 79.0
977, 78.0
978, 77.0
979, 78.0
980, 81.0
981, 73.0
982, 77.0
983, 76.0
984, 84.0
985, 80.0
986, 78.0
987, 74.0
988, 81.0
989, 79.0
990, 79.0
991, 82.0
992, 80.0
993, 83.0
994, 81.0
995, 77.0
996, 79.0
997, 81.0
998, 80.0
999, 83.0
1000, 81.0
1001, 79.0
1002, 82.0
1003, 77.0
1004, 82.0
1005, 78.0
1006, 78.0
1007, 80.0
1008, 82.0
1009, 79.0
1010, 81.0
1011, 78.0
1012, 81.0
1013, 80.0
1014, 81.0
1015, 80.0
1016, 77.0
1017, 82.0
1018, 75.0
1019, 78.0
1020, 84.0
1021, 79.0
1022, 82.0
1023, 80.0
1024, 84.0
1025, 83.0
1026, 74.0
1027, 77.0
1028, 79.0
1029, 80.0
1030, 78.0
1031, 76.0
1032, 81.0
1033, 79.0
1034, 80.0
1035, 79.0
1036, 80.0
1037, 80.0
1038, 72.0
1039, 78.0
1040, 80.0
1041, 78.0
1042, 78.0
1043, 83.0
1044, 79.0
1045, 80.0
1046, 82.0
1047, 78.0
1048, 80.0
1049, 77.0
1050, 84.0
1051, 82.0
1052, 78.0
1053, 81.0
1054, 83.0
1055, 81.0
1056, 80.0
1057, 78.0
1058, 79.0
1059, 76.0
1060, 81.0
1061, 79.0
1062, 77.0
1063, 77.0
1064, 83.0
1065, 80.0
1066, 80.0
1067, 81.0
1068, 77.0
1069, 78.0
1070, 82.0
1071, 78.0
1072, 78.0
1073, 81.0
1074, 82.0
1075, 82.0
1076, 81.0
1077, 82.0
1078, 85.0
1079, 82.0
1080, 83.0
1081, 78.0
1082, 80.0
1083, 81.0
1084, 83.0
1085, 82.0
1086, 78.0
1087, 80.0
1088, 80.0
1089, 82.0
1090, 80.0
1091, 75.0
1092, 78.0
1093, 77.0
1094, 82.0
1095, 79.0
1096, 80.0
1097, 79.0
1098, 81.0
1099, 78.0
1100, 78.0
1101, 80.0
1102, 80.0
1103, 77.0
1104, 80.0
1105, 80.0
1106, 79.0
1107, 78.0
1108, 80.0
1109, 73.0
1110, 84.0
1111, 79.0
1112, 80.0
1113, 86.0
1114, 84.0
1115, 81.0
1116, 81.0
1117, 81.0
1118, 77.0
1119, 78.0
1120, 80.0
1121, 83.0
1122, 81.0
1123, 80.0
1124, 82.0
1125, 78.0
1126, 78.0
1127, 81.0
1128, 78.0
1129, 78.0
1130, 80.0
1131, 82.0
1132, 82.0
1133, 79.0
1134, 78.0
1135, 78.0
1136, 81.0
1137, 81.0
1138, 80.0
1139, 80.0
1140, 81.0
1141, 80.0
1142, 81.0
1143, 83.0
1144, 81.0
1145, 75.0
1146, 84.0
1147, 79.0
1148, 79.0
1149, 81.0
1150, 80.0
1151, 81.0
1152, 79.0
1153, 83.0
1154, 81.0
1155, 75.0
1156, 81.0
1157, 82.0
1158, 79.0
1159, 81.0
1160, 80.0
1161, 77.0
1162, 85.0
1163, 80.0
1164, 79.0
1165, 84.0
1166, 79.0
1167, 81.0
1168, 84.0
1169, 80.0
1170, 79.0
1171, 78.0
1172, 81.0
1173, 81.0
1174, 80.0
1175, 79.0
1176, 78.0
1177, 77.0
1178, 79.0
1179, 78.0
1180, 83.0
1181, 79.0
1182, 83.0
1183, 78.0
1184, 82.0
1185, 81.0
1186, 78.0
1187, 82.0
1188, 81.0
1189, 76.0
1190, 75.0
1191, 80.0
1192, 79.0
1193, 80.0
1194, 80.0
1195, 77.0
1196, 80.0
1197, 84.0
1198, 80.0
1199, 81.0
1200, 81.0
1201, 80.0
1202, 78.0
1203, 81.0
1204, 83.0
1205, 81.0
1206, 78.0
1207, 82.0
1208, 81.0
1209, 78.0
1210, 79.0
1211, 80.0
1212, 80.0
1213, 78.0
1214, 81.0
1215, 81.0
1216, 77.0
1217, 81.0
1218, 77.0
1219, 81.0
1220, 80.0
1221, 80.0
1222, 78.0
1223, 82.0
1224, 80.0
1225, 77.0
1226, 80.0
1227, 79.0
1228, 78.0
1229, 82.0
1230, 81.0
1231, 83.0
1232, 80.0
1233, 81.0
1234, 78.0
1235, 81.0
1236, 84.0
1237, 80.0
1238, 79.0
1239, 82.0
1240, 76.0
1241, 81.0
1242, 86.0
1243, 84.0
1244, 80.0
1245, 84.0
1246, 81.0
1247, 81.0
1248, 84.0
1249, 83.0
1250, 82.0
1251, 76.0
1252, 80.0
1253, 84.0
1254, 79.0
1255, 78.0
1256, 82.0
1257, 80.0
1258, 81.0
1259, 81.0
1260, 79.0
1261, 76.0
1262, 83.0
1263, 78.0
1264, 79.0
1265, 78.0
1266, 82.0
1267, 78.0
1268, 82.0
1269, 86.0
1270, 79.0
1271, 82.0
1272, 86.0
1273, 81.0
1274, 81.0
1275, 81.0
1276, 82.0
1277, 83.0
1278, 78.0
1279, 78.0
1280, 85.0
1281, 85.0
1282, 77.0
1283, 76.0
1284, 79.0
1285, 80.0
1286, 84.0
1287, 79.0
1288, 81.0
1289, 76.0
1290, 73.0
1291, 82.0
1292, 79.0
1293, 78.0
1294, 78.0
1295, 74.0
1296, 79.0
1297, 85.0
1298, 81.0
1299, 74.0
1300, 79.0
1301, 84.0
1302, 79.0
1303, 77.0
1304, 79.0
1305, 83.0
1306, 82.0
1307, 83.0
1308, 84.0
1309, 80.0
1310, 82.0
1311, 81.0
1312, 83.0
1313, 85.0
1314, 79.0
1315, 82.0
1316, 80.0
1317, 79.0
1318, 82.0
1319, 80.0
1320, 80.0
1321, 77.0
1322, 82.0
1323, 80.0
1324, 82.0
1325, 82.0
1326, 87.0
1327, 82.0
1328, 82.0
1329, 78.0
1330, 82.0
1331, 75.0
1332, 80.0
1333, 80.0
1334, 84.0
1335, 75.0
1336, 82.0
1337, 78.0
1338, 81.0
1339, 76.0
1340, 81.0
1341, 80.0
1342, 79.0
1343, 78.0
1344, 82.0
1345, 78.0
1346, 84.0
1347, 79.0
1348, 82.0
1349, 78.0
1350, 82.0
1351, 78.0
1352, 79.0
1353, 80.0
1354, 81.0
1355, 78.0
1356, 79.0
1357, 81.0
1358, 83.0
1359, 84.0
1360, 81.0
1361, 82.0
1362, 81.0
1363, 82.0
1364, 85.0
1365, 80.0
1366, 79.0
1367, 85.0
1368, 79.0
1369, 80.0
1370, 82.0
1371, 81.0
1372, 81.0
1373, 83.0
1374, 80.0
1375, 78.0
1376, 80.0
1377, 81.0
1378, 82.0
1379, 81.0
1380, 80.0
1381, 83.0
1382, 81.0
1383, 81.0
1384, 81.0
1385, 84.0
1386, 83.0
1387, 80.0
1388, 83.0
1389, 77.0
1390, 83.0
1391, 82.0
1392, 84.0
1393, 83.0
1394, 80.0
1395, 78.0
1396, 79.0
1397, 79.0
1398, 80.0
1399, 81.0
1400, 81.0
1401, 82.0
1402, 81.0
1403, 81.0
1404, 81.0
1405, 78.0
1406, 82.0
1407, 82.0
1408, 79.0
1409, 84.0
1410, 81.0
1411, 83.0
1412, 79.0
1413, 83.0
1414, 78.0
1415, 80.0
1416, 82.0
1417, 82.0
1418, 82.0
1419, 85.0
1420, 78.0
1421, 80.0
1422, 80.0
1423, 83.0
1424, 78.0
1425, 81.0
1426, 82.0
1427, 80.0
1428, 80.0
1429, 82.0
1430, 81.0
1431, 82.0
1432, 85.0
1433, 78.0
1434, 83.0
1435, 84.0
1436, 83.0
1437, 78.0
1438, 83.0
1439, 84.0
1440, 82.0
1441, 86.0
1442, 81.0
1443, 84.0
1444, 81.0
1445, 83.0
1446, 80.0
1447, 81.0
1448, 81.0
1449, 86.0
1450, 80.0
1451, 86.0
1452, 85.0
1453, 84.0
1454, 80.0
1455, 82.0
1456, 84.0
1457, 82.0
1458, 84.0
1459, 85.0
1460, 88.0
1461, 79.0
1462, 83.0
1463, 79.0
1464, 85.0
1465, 84.0
1466, 80.0
1467, 80.0
1468, 84.0
1469, 82.0
1470, 81.0
1471, 86.0
1472, 82.0
1473, 83.0
1474, 81.0
1475, 87.0
1476, 81.0
1477, 87.0
1478, 81.0
1479, 80.0
1480, 82.0
1481, 84.0
1482, 84.0
1483, 81.0
1484, 87.0
1485, 83.0
1486, 82.0
1487, 86.0
1488, 81.0
1489, 86.0
1490, 85.0
1491, 84.0
1492, 84.0
1493, 82.0
1494, 82.0
1495, 85.0
1496, 86.0
1497, 84.0
1498, 88.0
1499, 82.0
1500, 81.0
1501, 87.0
1502, 86.0
1503, 83.0
1504, 84.0
1505, 82.0
1506, 78.0
1507, 86.0
1508, 84.0
1509, 84.0
1510, 83.0
1511, 85.0
1512, 87.0
1513, 87.0
1514, 86.0
1515, 81.0
1516, 84.0
1517, 84.0
1518, 87.0
1519, 80.0
1520, 83.0
1521, 81.0
1522, 80.0
1523, 86.0
1524, 82.0
1525, 84.0
1526, 81.0
1527, 82.0
1528, 88.0
1529, 83.0
1530, 84.0
1531, 86.0
1532, 83.0
1533, 85.0
1534, 82.0
1535, 83.0
1536, 84.0
1537, 84.0
1538, 88.0
1539, 86.0
1540, 88.0
1541, 84.0
1542, 81.0
1543, 82.0
1544, 87.0
1545, 83.0
1546, 84.0
1547, 87.0
1548, 90.0
1549, 85.0
1550, 88.0
1551, 85.0
1552, 85.0
1553, 83.0
1554, 85.0
1555, 86.0
1556, 84.0
1557, 83.0
1558, 84.0
1559, 86.0
1560, 88.0
1561, 90.0
1562, 77.0
1563, 87.0
1564, 85.0
1565, 86.0
1566, 84.0
1567, 80.0
1568, 86.0
1569, 87.0
1570, 89.0
1571, 86.0
1572, 89.0
1573, 85.0
1574, 84.0
1575, 85.0
1576, 84.0
1577, 85.0
1578, 85.0
1579, 85.0
1580, 85.0
1581, 84.0
1582, 86.0
1583, 86.0
1584, 85.0
1585, 89.0
1586, 87.0
1587, 89.0
1588, 88.0
1589, 86.0
1590, 86.0
1591, 84.0
1592, 90.0
1593, 88.0
1594, 88.0
1595, 90.0
1596, 87.0
1597, 88.0
1598, 87.0
1599, 88.0
1600, 86.0
1601, 86.0
1602, 85.0
1603, 90.0
1604, 90.0
1605, 85.0
1606, 88.0
1607, 86.0
1608, 89.0
1609, 89.0
1610, 85.0
1611, 88.0
1612, 90.0
1613, 90.0
1614, 89.0
1615, 89.0
1616, 90.0
1617, 88.0
1618, 88.0
1619, 88.0
1620, 89.0
1621, 85.0
1622, 84.0
1623, 88.0
1624, 87.0
1625, 92.0
1626, 90.0
1627, 92.0
1628, 92.0
1629, 86.0
1630, 87.0
1631, 90.0
1632, 87.0
1633, 91.0
1634, 92.0
1635, 88.0
1636, 89.0
1637, 93.0
1638, 90.0
1639, 89.0
1640, 89.0
1641, 92.0
1642, 91.0
1643, 91.0
1644, 93.0
1645, 95.0
1646, 94.0
1647, 93.0
1648, 91.0
1649, 94.0
1650, 93.0
1651, 95.0
1652, 92.0
1653, 97.0
1654, 91.0
1655, 90.0
1656, 93.0
1657, 97.0
1658, 99.0
1659, 91.0
1660, 95.0
1661, 93.0
1662, 93.0
1663, 94.0
1664, 93.0
1665, 97.0
1666, 92.0
1667, 98.0
1668, 99.0
1669, 95.0
1670, 97.0
1671, 97.0
1672, 97.0
1673,100.0
1674, 95.0
1675, 96.0
1676, 93.0
1677, 97.0
1678, 97.0
1679, 97.0
1680,103.0
1681, 96.0
1682, 99.0
1683, 98.0
1684, 97.0
1685,102.0
1686, 98.0
1687,102.0
1688,101.0
1689, 96.0
1690,103.0
1691, 98.0
1692, 96.0
1693,101.0
1694,102.0
1695,100.0
1696,102.0
1697,104.0
1698,102.0
1699, 98.0
1700, 96.0
1701,102.0
1702, 99.0
1703,104.0
1704,107.0
1705,102.0
1706,104.0
1707,101.0
1708,106.0
1709,106.0
1710,105.0
1711,105.0
1712,105.0
1713,108.0
1714,107.0
1715,110.0
1716,111.0
1717,104.0
1718,102.0
1719,106.0
1720,109.0
1721,112.0
1722,110.0
1723,108.0
1724,109.0
1725,112.0
1726,112.0
1727,113.0
1728,112.0
1729,110.0
1730,113.0
1731,112.0
1732,113.0
1733,116.0
1734,116.0
1735,110.0
1736,118.0
1737,118.0
1738,112.0
1739,111.0
1740,118.0
1741,120.0
1742,122.0
1743,118.0
1744,122.0
1745,114.0
1746,118.0
1747,125.0
1748,120.0
1749,120.0
1750,125.0
1751,124.0
1752,124.0
1753,127.0
1754,124.0
1755,125.0
1756,120.0
1757,121.0
1758,119.0
1759,116.0
1760,118.0
1761,125.0
1762,118.0
1763,115.0
1764,121.0
1765,120.0
1766,123.0
1767,123.0
1768,121.0
1769,126.0
1770,139.0
1771,137.0
1772,130.0
1773,138.0
1774,135.0
1775,144.0
1776,144.0
1777,140.0
1778,141.0
1779,140.0
1780,142.0
1781,145.0
1782,145.0
1783,142.0
1784,142.0
1785,145.0
1786,146.0
1787,145.0
1788,140.0
1789,149.0
1790,150.0
1791,150.0
1792,150.0
1793,148.0
1794,152.0
1795,155.0
1796,158.0
1797,157.0
1798,164.0
1799,162.0
1800,156.0
1801,160.0
1802,160.0
1803,160.0
1804,163.0
1805,162.0
1806,160.0
1807,171.0
1808,175.0
1809,171.0
1810,169.0
1811,172.0
1812,170.0
1813,180.0
1814,179.0
1815,177.0
1816,176.0
1817,176.0
1818,180.0
1819,182.0
1820,186.0
1821,185.0
1822,188.0
1823,194.0
1824,194.0
1825,185.0
1826,193.0
1827,191.0
1828,197.0
1829,191.0
1830,198.0
1831,195.0
1832,196.0
1833,202.0
1834,200.0
1835,207.0
1836,208.0
1837,211.0
1838,205.0
1839,209.0
1840,216.0
1841,212.0
1842,205.0
1843,215.0
1844,208.0
1845,211.0
1846,216.0
1847,213.0
1848,214.0
1849,217.0
1850,220.0
1851,225.0
1852,233.0
1853,237.0
1854,236.0
1855,239.0
1856,234.0
1857,242.0
1858,243.0
1859,245.0
1860,246.0
1861,252.0
1862,243.0
1863,249.0
1864,255.0
1865,262.0
1866,257.0
1867,264.0
1868,257.0
1869,258.0
1870,264.0
1871,268.0
1872,267.0
1873,267.0
1874,268.0
1875,270.0
1876,266.0
1877,268.0
1878,279.0
1879,277.0
1880,278.0
1881,277.0
1882,279.0
1883,292.0
1884,289.0
1885,285.0
1886,291.0
1887,302.0
1888,299.0
1889,305.0
1890,297.0
1891,301.0
1892,302.0
1893,309.0
1894,306.0
1895,313.0
1896,303.0
1897,305.0
1898,314.0
1899,310.0
1900,309.0
1901,311.0
1902,316.0
1903,313.0
1904,321.0
1905,324.0
1906,314.0
1907,316.0
1908,327.0
1909,328.0
1910,336.0
1911,316.0
1912,323.0
1913,320.0
1914,313.0
1915,310.0
1916,316.0
1917,314.0
1918,307.0
1919,306.0
1920,318.0
1921,327.0
1922,319.0
1923,326.0
1924,331.0
1925,347.0
1926,343.0
1927,351.0
1928,340.0
1929,342.0
1930,339.0
1931,348.0
1932,343.0
1933,337.0
1934,338.0
1935,339.0
1936,344.0
1937,342.0
1938,348.0
1939,345.0
1940,340.0
1941,342.0
1942,348.0
1943,344.0
1944,347.0
1945,349.0
1946,349.0
1947,349.0
1948,347.0
1949,341.0
1950,346.0
1951,344.0
1952,348.0
1953,347.0
1954,342.0
1955,341.0
1956,333.0
1957,344.0
1958,343.0
1959,339.0
1960,333.0
1961,336.0
1962,334.0
1963,342.0
1964,336.0
1965,324.0
1966,328.0
1967,331.0
1968,331.0
1969,321.0
1970,311.0
1971,317.0
1972,319.0
1973,319.0
1974,319.0
1975,311.0
1976,300.0
1977,306.0
1978,310.0
1979,302.0
1980,306.0
1981,300.0
1982,300.0
1983,296.0
1984,297.0
1985,299.0
1986,295.0
1987,292.0
1988,284.0
1989,293.0
1990,291.0
1991,289.0
1992,279.0
1993,287.0
1994,286.0
1995,272.0
1996,279.0
1997,278.0
1998,276.0
1999,270.0
2000,272.0
2001,267.0
2002,270.0
2003,266.0
2004,268.0
2005,265.0
2006,264.0
2007,268.0
2008,257.0
2009,259.0
2010,258.0
2011,260.0
2012,250.0
2013,252.0
2014,250.0
2015,252.0
2016,250.0
2017,243.0
2018,245.0
2019,240.0
2020,245.0
2021,243.0
2022,233.0
2023,234.0
2024,235.0
2025,242.0
2026,235.0
2027,235.0
2028,236.0
2029,231.0
2030,225.0
2031,219.0
2032,215.0
2033,211.0
2034,203.0
2035,189.0
2036,187.0
2037,180.0
2038,185.0
2039,175.0
2040,178.0
2041,192.0
2042,204.0
2043,207.0
2044,209.0
2045,213.0
2046,213.0
2047,208.0
2048,207.0
2049,196.0
2050,199.0
2051,197.0
2052,203.0
2053,197.0
2054,196.0
2055,187.0
2056,187.0
2057,190.0
2058,190.0
2059,181.0
2060,181.0
2061,180.0
2062,186.0
2063,186.0
2064,179.0
2065,175.0
2066,170.0
2067,178.0
2068,170.0
2069,177.0
2070,175.0
2071,171.0
2072,174.0
2073,173.0
2074,168.0
2075,166.0
2076,156.0
2077,172.0
2078,163.0
2079,162.0
2080,166.0
2081,161.0
2082,169.0
2083,162.0
2084,161.0
2085,157.0
2086,158.0
2087,149.0
2088,156.0
2089,161.0
2090,153.0
2091,151.0
2092,157.0
2093,152.0
2094,150.0
2095,148.0
2096,156.0
2097,146.0
2098,145.0
2099,142.0
2100,148.0
2101,153.0
2102,145.0
2103,147.0
2104,144.0
2105,148.0
2106,136.0
2107,144.0
2108,143.0
2109,130.0
2110,138.0
2111,136.0
2112,135.0
2113,134.0
2114,132.0
2115,132.0
2116,132.0
2117,130.0
2118,132.0
2119,130.0
2120,132.0
2121,131.0
2122,133.0
2123,134.0
2124,127.0
2125,134.0
2126,131.0
2127,134.0
2128,124.0
2129,131.0
2130,129.0
2131,124.0
2132,125.0
2133,123.0
2134,122.0
2135,122.0
2136,124.0
2137,121.0
2138,124.0
2139,125.0
2140,119.0
2141,123.0
2142,124.0
2143,119.0
2144,126.0
2145,119.0
2146,124.0
2147,120.0
2148,120.0
2149,118.0
2150,123.0
2151,123.0
2152,117.0
2153,116.0
2154,114.0
2155,112.0
2156,116.0
2157,119.0
2158,119.0
2159,113.0
2160,117.0
2161,117.0
2162,117.0
2163,116.0
2164,117.0
2165,111.0
2166,116.0
2167,109.0
2168,112.0
2169,108.0
2170,107.0
2171,103.0
2172,110.0
2173,106.0
2174,104.0
2175,108.0
2176,105.0
2177,113.0
2178,106.0
2179,113.0
2180,112.0
2181,108.0
2182,112.0
2183,109.0
2184,108.0
2185,110.0
2186,106.0
2187,105.0
2188,107.0
2189,112.0
2190,106.0
2191,106.0
2192,111.0
2193,106.0
2194,107.0
2195,107.0
2196,109.0
2197,106.0
2198,110.0
2199,102.0
2200,107.0
2201,103.0
2202,107.0
2203,106.0
2204,106.0
2205,106.0
2206,105.0
2207,102.0
2208,103.0
2209,101.0
2210,102.0
2211,107.0
2212, 99.0
2213,105.0
2214,105.0
2215,106.0
2216,100.0
2217,100.0
2218,103.0
2219,106.0
2220,102.0
2221,104.0
2222,103.0
2223,104.0
2224,101.0
2225,101.0
2226,102.0
2227,100.0
2228,105.0
2229, 98.0
2230, 98.0
2231, 95.0
2232, 99.0
2233, 99.0
2234, 98.0
2235, 97.0
2236, 99.0
2237,100.0
2238, 98.0
2239, 97.0
2240, 98.0
2241, 93.0
2242, 98.0
2243, 99.0
2244,100.0
2245, 95.0
2246, 97.0
2247,101.0
2248, 94.0
2249, 95.0
2250, 94.0
2251, 99.0
2252,104.0
2253, 99.0
2254, 95.0
2255, 94.0
2256, 98.0
2257, 99.0
2258, 95.0
2259, 92.0
2260, 93.0
2261, 96.0
2262, 94.0
2263, 95.0
2264, 93.0
2265, 95.0
2266, 95.0
2267, 98.0
2268,100.0
2269, 90.0
2270, 96.0
2271, 99.0
2272, 93.0
2273, 94.0
2274, 97.0
2275, 95.0
2276,100.0
2277, 94.0
2278, 91.0
2279, 92.0
2280, 89.0
2281, 95.0
2282, 95.0
2283, 94.0
2284, 92.0
2285, 94.0
2286, 93.0
2287, 91.0
2288, 95.0
2289, 89.0
2290, 91.0
2291, 94.0
2292, 93.0
2293, 90.0
2294, 91.0
2295, 99.0
2296, 97.0
2297, 94.0
2298, 92.0
2299, 93.0
2300, 92.0
2301, 88.0
2302, 92.0
2303, 97.0
2304, 87.0
2305, 94.0
2306, 93.0
2307, 93.0
2308, 90.0
2309, 89.0
2310, 93.0
2311, 90.0
2312, 92.0
2313, 88.0
2314, 87.0
2315, 91.0
2316, 92.0
2317, 92.0
2318, 91.0
2319, 92.0
2320, 90.0
2321, 88.0
2322, 89.0
2323, 87.0
2324, 85.0
2325, 87.0
2326, 86.0
2327, 92.0
2328, 86.0
2329, 90.0
2330, 87.0
2331, 89.0
2332, 90.0
2333, 91.0
2334, 90.0
2335, 91.0
2336, 92.0
2337, 90.0
2338, 90.0
2339, 94.0
2340, 88.0
2341, 92.0
2342, 92.0
2343, 90.0
2344, 88.0
2345, 90.0
2346, 87.0
2347, 90.0
2348, 87.0
2349, 88.0
2350, 87.0
2351, 86.0
2352, 92.0
2353, 90.0
2354, 88.0
2355, 90.0
2356, 90.0
2357, 92.0
2358, 90.0
2359, 90.0
2360, 84.0
2361, 87.0
2362, 89.0
2363, 86.0
2364, 92.0
2365, 86.0
2366, 87.0
2367, 89.0
2368, 92.0
2369, 86.0
2370, 86.0
2371, 88.0
2372, 86.0
2373, 88.0
2374, 85.0
2375, 91.0
2376, 89.0
2377, 90.0
2378, 86.0
2379, 86.0
2380, 86.0
2381, 88.0
2382, 89.0
2383, 88.0
2384, 86.0
2385, 86.0
2386, 87.0
2387, 89.0
2388, 84.0
2389, 86.0
2390, 85.0
2391, 86.0
2392, 87.0
2393, 89.0
2394, 84.0
2395, 87.0
2396, 87.0
2397, 82.0
2398, 85.0
2399, 88.0
2400, 88.0
2401, 91.0
2402, 85.0
2403, 82.0
2404, 84.0
2405, 84.0
2406, 84.0
2407, 86.0
2408, 88.0
2409, 86.0
2410, 85.0
2411, 82.0
2412, 83.0
2413, 87.0
2414, 83.0
2415, 81.0
2416, 95.0
2417, 90.0
2418, 86.0
2419, 89.0
2420, 89.0
2421, 87.0
2422, 93.0
2423, 85.0
2424, 91.0
2425, 87.0
2426, 88.0
2427, 81.0
2428, 89.0
2429, 87.0
2430, 85.0
2431, 88.0
2432, 84.0
2433, 90.0
2434, 83.0
2435, 88.0
2436, 84.0
2437, 90.0
2438, 84.0
2439, 85.0
2440, 86.0
2441, 86.0
2442, 81.0
2443, 87.0
2444, 86.0
2445, 81.0
2446, 86.0
2447, 88.0
2448, 86.0
2449, 83.0
2450, 84.0
2451, 82.0
2452, 84.0
2453, 85.0
2454, 86.0
2455, 87.0
2456, 84.0
2457, 84.0
2458, 86.0
2459, 82.0
2460, 89.0
2461, 86.0
2462, 86.0
2463, 84.0
2464, 84.0
2465, 86.0
2466, 85.0
2467, 84.0
2468, 90.0
2469, 84.0
2470, 84.0
2471, 88.0
2472, 82.0
2473, 81.0
2474, 83.0
2475, 83.0
2476, 84.0
2477, 86.0
2478, 85.0
2479, 86.0
2480, 86.0
2481, 83.0
2482, 84.0
2483, 84.0
2484, 84.0
2485, 80.0
2486, 84.0
2487, 90.0
2488, 85.0
2489, 83.0
2490, 81.0
2491, 86.0
2492, 89.0
2493, 85.0
2494, 86.0
2495, 84.0
2496, 81.0
2497, 89.0
2498, 84.0
2499, 87.0
2500, 85.0
2501, 84.0
2502, 84.0
2503, 78.0
2504, 82.0
2505, 85.0
2506, 82.0
2507, 84.0
2508, 83.0
2509, 86.0
2510, 88.0
2511, 83.0
2512, 83.0
2513, 80.0
2514, 86.0
2515, 85.0
2516, 83.0
2517, 82.0
2518, 83.0
2519, 83.0
2520, 78.0
2521, 86.0
2522, 85.0
2523, 83.0
2524, 86.0
2525, 78.0
2526, 85.0
2527, 84.0
2528, 87.0
2529, 82.0
2530, 85.0
2531, 81.0
2532, 85.0
2533, 79.0
2534, 82.0
2535, 86.0
2536, 82.0
2537, 82.0
2538, 83.0
2539, 85.0
2540, 85.0
2541, 84.0
2542, 83.0
2543, 82.0
2544, 79.0
2545, 80.0
2546, 84.0
2547, 83.0
2548, 83.0
2549, 79.0
2550, 82.0
2551, 85.0
2552, 81.0
2553, 85.0
2554, 81.0
2555, 79.0
2556, 86.0
2557, 82.0
2558, 81.0
2559, 82.0
2560, 90.0
2561, 81.0
2562, 81.0
2563, 84.0
2564, 83.0
2565, 83.0
2566, 81.0
2567, 87.0
2568, 85.0
2569, 82.0
2570, 84.0
2571, 80.0
2572, 84.0
2573, 85.0
2574, 78.0
2575, 80.0
2576, 82.0
2577, 79.0
2578, 80.0
2579, 79.0
2580, 83.0
2581, 82.0
2582, 81.0
2583, 80.0
2584, 80.0
2585, 84.0
2586, 82.0
2587, 80.0
2588, 80.0
2589, 86.0
2590, 84.0
2591, 81.0
2592, 82.0
2593, 82.0
2594, 82.0
2595, 81.0
2596, 80.0
2597, 84.0
2598, 82.0
2599, 81.0
2600, 80.0
2601, 85.0
2602, 82.0
2603, 83.0
2604, 82.0
2605, 83.0
2606, 83.0
2607, 79.0
2608, 79.0
2609, 80.0
2610, 83.0
2611, 79.0
2612, 81.0
2613, 87.0
2614, 82.0
2615, 84.0
2616, 85.0
2617, 83.0
2618, 84.0
2619, 83.0
2620, 82.0
2621, 84.0
2622, 81.0
2623, 82.0
2624, 86.0
2625, 79.0
2626, 84.0
2627, 84.0
2628, 84.0
2629, 84.0
2630, 81.0
2631, 88.0
2632, 86.0
2633, 84.0
2634, 82.0
2635, 83.0
2636, 81.0
2637, 83.0
2638, 80.0
2639, 83.0
2640, 83.0
2641, 84.0
2642, 79.0
2643, 81.0
2644, 82.0
2645, 82.0
2646, 83.0
2647, 80.0
2648, 81.0
2649, 84.0
2650, 82.0
2651, 83.0
2652, 82.0
2653, 80.0
2654, 80.0
2655, 82.0
2656, 79.0
2657, 82.0
2658, 86.0
2659, 86.0
2660, 83.0
2661, 79.0
2662, 80.0
2663, 82.0
2664, 85.0
2665, 85.0
2666, 84.0
2667, 82.0
2668, 84.0
2669, 83.0
2670, 83.0
2671, 85.0
2672, 81.0
2673, 82.0
2674, 84.0
2675, 80.0
2676, 79.0
2677, 81.0
2678, 80.0
2679, 80.0
2680, 83.0
2681, 79.0
2682, 77.0
2683, 83.0
2684, 81.0
2685, 84.0
2686, 80.0
2687, 76.0
2688, 79.0
2689, 80.0
2690, 85.0
2691, 80.0
2692, 81.0
2693, 84.0
2694, 82.0
2695, 81.0
2696, 83.0
2697, 84.0
2698, 81.0
2699, 82.0
2700, 84.0
2701, 81.0
2702, 89.0
2703, 86.0
2704, 80.0
2705, 78.0
2706, 74.0
2707, 80.0
2708, 82.0
2709, 79.0
2710, 80.0
2711, 79.0
2712, 81.0
2713, 79.0
2714, 84.0
2715, 83.0
2716, 78.0
2717, 83.0
2718, 84.0
2719, 80.0
2720, 79.0
2721, 82.0
2722, 81.0
2723, 81.0
2724, 78.0
2725, 78.0
2726, 77.0
2727, 84.0
2728, 81.0
2729, 81.0
2730, 80.0
2731, 77.0
2732, 80.0
2733, 77.0
2734, 79.0
2735, 80.0
2736, 79.0
2737, 80.0
2738, 80.0
2739, 80.0
2740, 78.0
2741, 80.0
2742, 81.0
2743, 80.0
2744, 80.0
2745, 79.0
2746, 80.0
2747, 79.0
2748, 83.0
2749, 81.0
2750, 78.0
2751, 81.0
2752, 80.0
2753, 81.0
2754, 83.0
2755, 80.0
2756, 78.0
2757, 76.0
2758, 81.0
2759, 79.0
2760, 83.0
2761, 80.0
2762, 77.0
2763, 77.0
2764, 78.0
2765, 81.0
2766, 78.0
2767, 81.0
2768, 77.0
2769, 81.0
2770, 79.0
2771, 80.0
2772, 82.0
2773, 80.0
2774, 75.0
2775, 79.0
2776, 79.0
2777, 78.0
2778, 77.0
2779, 77.0
2780, 78.0
2781, 85.0
2782, 78.0
2783, 80.0
2784, 81.0
2785, 83.0
2786, 81.0
2787, 81.0
2788, 78.0
2789, 78.0
2790, 82.0
2791, 80.0
2792, 78.0
2793, 81.0
2794, 80.0
2795, 81.0
2796, 79.0
2797, 77.0
2798, 81.0
2799, 80.0
2800, 78.0
2801, 77.0
2802, 78.0
2803, 82.0
2804, 76.0
2805, 80.0
2806, 80.0
2807, 85.0
2808, 81.0
2809, 82.0
2810, 75.0
2811, 79.0
2812, 82.0
2813, 80.0
2814, 81.0
2815, 78.0
2816, 81.0
2817, 78.0
2818, 81.0
2819, 83.0
2820, 75.0
2821, 82.0
2822, 76.0
2823, 84.0
2824, 74.0
2825, 80.0
2826, 78.0
2827, 83.0
2828, 80.0
2829, 80.0
2830, 79.0
2831, 79.0
2832, 78.0
2833, 79.0
2834, 80.0
2835, 79.0
2836, 77.0
2837, 80.0
2838, 79.0
2839, 78.0
2840, 82.0
2841, 82.0
2842, 75.0
2843, 78.0
2844, 80.0
2845, 80.0
2846, 83.0
2847, 83.0
2848, 84.0
2849, 79.0
2850, 81.0
2851, 80.0
2852, 76.0
2853, 78.0
2854, 80.0
2855, 80.0
2856, 80.0
2857, 82.0
2858, 76.0
2859, 82.0
2860, 80.0
2861, 75.0
2862, 80.0
2863, 81.0
2864, 77.0
2865, 77.0
2866, 76.0
2867, 77.0
2868, 78.0
2869, 79.0
2870, 76.0
2871, 76.0
2872, 82.0
2873, 76.0
2874, 82.0
2875, 83.0
2876, 81.0
2877, 78.0
2878, 79.0
2879, 76.0
2880, 79.0
2881, 80.0
2882, 81.0
2883, 83.0
2884, 77.0
2885, 82.0
2886, 83.0
2887, 80.0
2888, 82.0
2889, 79.0
2890, 82.0
2891, 84.0
2892, 81.0
2893, 83.0
2894, 80.0
2895, 78.0
2896, 78.0
2897, 78.0
2898, 83.0
2899, 76.0
2900, 82.0
2901, 78.0
2902, 75.0
2903, 84.0
2904, 79.0
2905, 74.0
2906, 78.0
2907, 80.0
2908, 77.0
2909, 83.0
2910, 80.0
2911, 78.0
2912, 80.0
2913, 78.0
2914, 76.0
2915, 77.0
2916, 79.0
2917, 77.0
2918, 83.0
2919, 83.0
2920, 76.0
2921, 80.0
2922, 81.0
2923, 80.0
2924, 80.0
2925, 81.0
2926, 81.0
2927, 82.0
2928, 78.0
2929, 77.0
2930, 78.0
2931, 82.0
2932, 75.0
2933, 80.0
2934, 81.0
2935, 76.0
2936, 80.0
2937, 76.0
2938, 79.0
2939, 75.0
2940, 78.0
2941, 80.0
2942, 79.0
2943, 79.0
2944, 81.0
2945, 81.0
2946, 80.0
2947, 79.0
2948, 74.0
2949, 78.0
2950, 78.0
2951, 82.0
2952, 77.0
2953, 79.0
2954, 80.0
2955, 81.0
2956, 77.0
2957, 80.0
2958, 78.0
2959, 82.0
2960, 80.0
2961, 75.0
2962, 78.0
2963, 76.0
2964, 74.0
2965, 78.0
2966, 80.0
2967, 78.0
2968, 82.0
2969, 80.0
2970, 77.0
2971, 80.0
2972, 80.0
2973, 81.0
2974, 81.0
2975, 78.0
2976, 81.0
2977, 80.0
2978, 79.0
2979, 82.0
2980, 77.0
2981, 80.0
2982, 83.0
2983, 79.0
2984, 83.0
2985, 81.0
2986, 80.0
2987, 82.0
2988, 80.0
2989, 81.0
2990, 76.0
2991, 78.0
2992, 82.0
2993, 78.0
2994, 79.0
2995, 81.0
2996, 81.0
2997, 81.0
2998, 76.0
2999, 81.0
3000, 79.0
3001, 78.0
3002, 79.0
3003, 78.0
3004, 81.0
3005, 79.0
3006, 80.0
3007, 80.0
3008, 80.0
3009, 77.0
3010, 78.0
3011, 82.0
3012, 81.0
3013, 81.0
3014, 80.0
3015, 79.0
3016, 78.0
3017, 80.0
3018, 77.0
3019, 80.0
3020, 80.0
3021, 77.0
3022, 78.0
3023, 83.0
3024, 78.0
3025, 82.0
3026, 80.0
3027, 80.0
3028, 77.0
3029, 76.0
3030, 81.0
3031, 76.0
3032, 81.0
3033, 75.0
3034, 74.0
3035, 81.0
3036, 86.0
3037, 78.0
3038, 78.0
3039, 79.0
3040, 79.0
3041, 74.0
3042, 82.0
3043, 77.0
3044, 79.0
3045, 78.0
3046, 78.0
3047, 78.0
3048, 80.0
3049, 78.0
3050, 80.0
3051, 84.0
3052, 77.0
3053, 81.0
3054, 74.0
3055, 78.0
3056, 79.0
3057, 75.0
3058, 81.0
3059, 76.0
3060, 81.0
3061, 80.0
3062, 76.0
3063, 79.0
3064, 80.0
3065, 80.0
3066, 82.0
3067, 81.0
3068, 78.0
3069, 79.0
3070, 84.0
3071, 79.0
3072, 81.0
3073, 79.0
3074, 78.0
3075, 78.0
3076, 78.0
3077, 78.0
3078, 81.0
3079, 80.0
3080, 80.0
3081, 81.0
3082, 82.0
3083, 83.0
3084, 79.0
3085, 84.0
3086, 81.0
3087, 79.0
3088, 80.0
3089, 79.0
3090, 78.0
3091, 82.0
3092, 83.0
3093, 84.0
3094, 78.0
3095, 82.0
3096, 77.0
3097, 78.0
3098, 78.0
3099, 75.0
3100, 79.0
3101, 83.0
3102, 79.0
3103, 77.0
3104, 83.0
3105, 82.0
3106, 82.0
3107, 80.0
3108, 77.0
3109, 76.0
3110, 82.0
3111, 80.0
3112, 79.0
3113, 82.0
3114, 78.0
3115, 80.0
3116, 79.0
3117, 82.0
3118, 73.0
3119, 80.0
3120, 76.0
3121, 78.0
3122, 83.0
3123, 81.0
3124, 78.0
3125, 82.0
3126, 81.0
3127, 78.0
3128, 82.0
3129, 81.0
3130, 80.0
3131, 78.0
3132, 83.0
3133, 78.0
3134, 79.0
3135, 78.0
3136, 77.0
3137, 78.0
3138, 77.0
3139, 77.0
3140, 78.0
3141, 79.0
3142, 78.0
3143, 81.0
3144, 80.0
3145, 79.0
3146, 83.0
3147, 80.0
3148, 79.0
3149, 76.0
3150, 78.0
3151, 79.0
3152, 76.0
3153, 82.0
3154, 79.0
3155, 80.0
3156, 76.0
3157, 77.0
3158, 74.0
3159, 78.0
3160, 79.0
3161, 79.0
3162, 81.0
3163, 81.0
3164, 78.0
3165, 79.0
3166, 78.0
3167, 83.0
3168, 83.0
3169, 86.0
3170, 80.0
3171, 80.0
3172, 75.0
3173, 81.0
3174, 77.0
3175, 82.0
3176, 79.0
3177, 80.0
3178, 78.0
3179, 84.0
3180, 78.0
3181, 75.0
3182, 77.0
3183, 77.0
3184, 76.0
3185, 81.0
3186, 77.0
3187, 85.0
3188, 83.0
3189, 83.0
3190, 75.0
3191, 79.0
3192, 80.0
3193, 79.0
3194, 79.0
3195, 78.0
3196, 75.0
3197, 83.0
3198, 83.0
3199, 81.0
3200, 78.0
3201, 84.0
3202, 85.0
3203, 77.0
3204, 81.0
3205, 79.0
3206, 77.0
3207, 79.0
3208, 78.0
3209, 80.0
3210, 81.0
3211, 77.0
3212, 78.0
3213, 80.0
3214, 73.0
3215, 76.0
3216, 79.0
3217, 80.0
3218, 78.0
3219, 81.0
3220, 81.0
3221, 80.0
3222, 78.0
3223, 78.0
3224, 80.0
3225, 78.0
3226, 75.0
3227, 79.0
3228, 77.0
3229, 82.0
3230, 82.0
3231, 77.0
3232, 79.0
3233, 78.0
3234, 79.0
3235, 77.0
3236, 75.0
3237, 84.0
3238, 82.0
3239, 76.0
3240, 77.0
3241, 76.0
3242, 79.0
3243, 80.0
3244, 79.0
3245, 75.0
3246, 80.0
3247, 80.0
3248, 80.0
3249, 78.0
3250, 80.0
3251, 82.0
3252, 79.0
3253, 78.0
3254, 78.0
3255, 83.0
3256, 79.0
3257, 78.0
3258, 74.0
3259, 84.0
3260, 79.0
3261, 81.0
3262, 77.0
3263, 76.0
3264, 82.0
3265, 78.0
3266, 77.0
3267, 79.0
3268, 81.0
3269, 79.0
3270, 79.0
3271, 78.0
3272, 77.0
3273, 80.0
3274, 75.0
3275, 79.0
3276, 79.0
3277, 85.0
3278, 76.0
3279, 82.0
3280, 80.0
3281, 81.0
3282, 79.0
3283, 81.0
3284, 80.0
3285, 83.0
3286, 81.0
3287, 78.0
3288, 84.0
3289, 73.0
3290, 80.0
3291, 86.0
3292, 78.0
3293, 80.0
3294, 82.0
3295, 82.0
3296, 82.0
3297, 79.0
3298, 82.0
3299, 77.0
3300, 76.0
3301, 83.0
3302, 80.0
3303, 78.0
3304, 77.0
3305, 76.0
3306, 80.0
3307, 76.0
3308, 81.0
3309, 75.0
3310, 82.0
3311, 80.0
3312, 82.0
3313, 77.0
3314, 75.0
3315, 79.0
3316, 77.0
3317, 84.0
3318, 77.0
3319, 78.0
3320, 81.0
3321, 77.0
3322, 83.0
3323, 81.0
3324, 79.0
3325, 82.0
3326, 78.0
3327, 81.0
3328, 81.0
3329, 80.0
3330, 81.0
3331, 77.0
3332, 81.0
3333, 82.0
3334, 81.0
3335, 81.0
3336, 81.0
3337, 78.0
3338, 76.0
3339, 81.0
3340, 79.0
3341, 80.0
3342, 79.0
3343, 75.0
3344, 82.0
3345, 79.0
3346, 77.0
3347, 83.0
3348, 84.0
3349, 78.0
3350, 79.0
3351, 82.0
3352, 78.0
3353, 81.0
3354, 79.0
3355, 76.0
3356, 79.0
3357, 79.0
3358, 78.0
3359, 82.0
3360, 81.0
3361, 80.0
3362, 78.0
3363, 83.0
3364, 80.0
3365, 78.0
3366, 79.0
3367, 85.0
3368, 77.0
3369, 80.0
3370, 76.0
3371, 78.0
3372, 80.0
3373, 80.0
3374, 76.0
3375, 78.0
3376, 81.0
3377, 78.0
3378, 76.0
3379, 80.0
3380, 79.0
3381, 82.0
3382, 80.0
3383, 73.0
3384, 79.0
3385, 75.0
3386, 81.0
3387, 82.0
3388, 78.0
3389, 81.0
3390, 83.0
3391, 78.0
3392, 76.0
3393, 81.0
3394, 80.0
3395, 75.0
3396, 80.0
3397, 83.0
3398, 83.0
3399, 81.0
3400, 77.0
3401, 78.0
3402, 83.0
3403, 80.0
3404, 84.0
3405, 79.0
3406, 77.0
3407, 84.0
3408, 81.0
3409, 79.0
3410, 77.0
3411, 75.0
3412, 75.0
3413, 79.0
3414, 78.0
3415, 84.0
3416, 77.0
3417, 78.0
3418, 82.0
3419, 81.0
3420, 80.0
3421, 81.0
3422, 77.0
3423, 81.0
3424, 80.0
3425, 78.0
3426, 78.0
3427, 79.0
3428, 76.0
3429, 84.0
3430, 80.0
3431, 80.0
3432, 78.0
3433, 80.0
3434, 80.0
3435, 78.0
3436, 81.0
3437, 80.0
3438, 76.0
3439, 78.0
3440, 81.0
3441, 81.0
3442, 84.0
3443, 75.0
3444, 83.0
3445, 81.0
3446, 78.0
3447, 78.0
3448, 78.0
3449, 83.0
3450, 80.0
3451, 77.0
3452, 81.0
3453, 78.0
3454, 80.0
3455, 80.0
3456, 81.0
3457, 80.0
3458, 76.0
3459, 78.0
3460, 83.0
3461, 84.0
3462, 77.0
3463, 83.0
3464, 80.0
3465, 80.0
3466, 81.0
3467, 79.0
3468, 83.0
3469, 73.0
3470, 82.0
3471, 84.0
3472, 80.0
3473, 82.0
3474, 80.0
3475, 77.0
3476, 81.0
3477, 77.0
3478, 85.0
3479, 81.0
3480, 81.0
3481, 81.0
3482, 81.0
3483, 76.0
3484, 76.0
3485, 77.0
3486, 76.0
3487, 78.0
3488, 79.0
3489, 78.0
3490, 83.0
3491, 82.0
3492, 79.0
3493, 82.0
3494, 79.0
3495, 79.0
3496, 84.0
3497, 78.0
3498, 78.0
3499, 80.0
3500, 82.0
3501, 80.0
3502, 78.0
3503, 78.0
3504, 79.0
3505, 83.0
3506, 76.0
3507, 77.0
3508, 79.0
3509, 75.0
3510, 79.0
3511, 78.0
3512, 77.0
3513, 83.0
3514, 74.0
3515, 76.0
3516, 82.0
3517, 82.0
3518, 80.0
3519, 79.0
3520, 76.0
3521, 76.0
3522, 79.0
3523, 75.0
3524, 77.0
3525, 81.0
3526, 80.0
3527, 81.0
3528, 77.0
3529, 78.0
3530, 79.0
3531, 71.0
3532, 80.0
3533, 81.0
3534, 78.0
3535, 77.0
3536, 77.0
3537, 80.0
3538, 81.0
3539, 81.0
3540, 79.0
3541, 79.0
3542, 80.0
3543, 81.0
3544, 80.0
3545, 84.0
3546, 80.0
3547, 79.0
3548, 80.0
3549, 81.0
3550, 77.0
3551, 79.0
3552, 79.0
3553, 77.0
3554, 78.0
3555, 82.0
3556, 78.0
3557, 77.0
3558, 79.0
3559, 78.0
3560, 83.0
3561, 82.0
3562, 78.0
3563, 78.0
3564, 76.0
3565, 84.0
3566, 78.0
3567, 81.0
3568, 80.0
3569, 79.0
3570, 80.0
3571, 82.0
3572, 75.0
3573, 78.0
3574, 80.0
3575, 78.0
3576, 79.0
3577, 80.0
3578, 77.0
3579, 78.0
3580, 81.0
3581, 81.0
3582, 84.0
3583, 82.0
3584, 83.0
3585, 78.0
3586, 76.0
3587, 74.0
3588, 79.0
3589, 80.0
3590, 81.0
3591, 83.0
3592, 79.0
3593, 80.0
3594, 77.0
3595, 78.0
3596, 80.0
3597, 79.0
3598, 85.0
3599, 78.0
3600, 78.0
3601, 79.0
3602, 80.0
3603, 76.0
3604, 79.0
3605, 78.0
3606, 80.0
3607, 81.0
3608, 82.0
3609, 79.0
3610, 81.0
3611, 81.0
3612, 81.0
3613, 76.0
3614, 76.0
3615, 78.0
3616, 80.0
3617, 87.0
3618, 79.0
3619, 79.0
3620, 81.0
3621, 83.0
3622, 82.0
3623, 77.0
3624, 79.0
3625, 75.0
3626, 82.0
3627, 83.0
3628, 78.0
3629, 77.0
3630, 82.0
3631, 83.0
3632, 77.0
3633, 79.0
3634, 78.0
3635, 76.0
3636, 81.0
3637, 83.0
3638, 76.0
3639, 78.0
3640, 79.0
3641, 79.0
3642, 80.0
3643, 76.0
3644, 82.0
3645, 77.0
3646, 84.0
3647,  1.0

